   1.2030000e+01
   1.3430000e+01
   1.3730000e+01
   1.6830000e+01
   1.7130000e+01
   1.9930000e+01
   2.2130000e+01
   2.3330000e+01
   2.2730000e+01
   1.8730000e+01
   1.3830000e+01
   1.0710000e+01
   1.1810000e+01
   1.1910000e+01
   1.4710000e+01
   1.4710000e+01
   1.6410000e+01
   2.2010000e+01
   2.3610000e+01
   2.2710000e+01
   2.1910000e+01
   1.9110000e+01
   1.7510000e+01
   1.4100000e+01
   1.2500000e+01
   1.3200000e+01
   1.4700000e+01
   1.6500000e+01
   1.8100000e+01
   2.0300000e+01
   2.0700000e+01
   2.3300000e+01
   2.2300000e+01
   1.7600000e+01
   1.4200000e+01
   1.1680000e+01
   1.0780000e+01
   1.0980000e+01
   1.5780000e+01
   1.4580000e+01
   1.5780000e+01
   2.1380000e+01
   2.1080000e+01
   2.2480000e+01
   2.2980000e+01
   1.9880000e+01
   1.6680000e+01
   1.2370000e+01
   1.1270000e+01
   1.1770000e+01
   1.2370000e+01
   1.7470000e+01
   1.4870000e+01
   2.0170000e+01
   2.1870000e+01
   2.3070000e+01
   2.1870000e+01
   1.7970000e+01
   1.4770000e+01
   1.2760000e+01
   9.8600000e+00
   1.3660000e+01
   1.3460000e+01
   1.5760000e+01
   1.6160000e+01
   2.0260000e+01
   2.2460000e+01
   2.2760000e+01
   2.3760000e+01
   2.0360000e+01
   1.4460000e+01
   1.2240000e+01
   1.1540000e+01
   1.1940000e+01
   1.3340000e+01
   1.2940000e+01
   1.8240000e+01
   2.0540000e+01
   2.3440000e+01
   2.1840000e+01
   2.2140000e+01
   1.9840000e+01
   1.4640000e+01
   1.1930000e+01
   1.1130000e+01
   1.2130000e+01
   1.5530000e+01
   1.6230000e+01
   1.8530000e+01
   2.1330000e+01
   2.3630000e+01
   2.3730000e+01
   2.4130000e+01
   1.6830000e+01
   1.4630000e+01
   1.3410000e+01
   1.2410000e+01
   1.2010000e+01
   1.4710000e+01
   1.5310000e+01
   1.6910000e+01
   1.9410000e+01
   2.2010000e+01
   2.2610000e+01
   2.3410000e+01
   1.8910000e+01
   1.5210000e+01
   1.1100000e+01
   1.0800000e+01
   1.3100000e+01
   1.5100000e+01
   1.3900000e+01
   1.8900000e+01
   2.1600000e+01
   2.5100000e+01
   2.3400000e+01
   2.1600000e+01
   2.0300000e+01
   1.5600000e+01
   1.4280000e+01
   1.1180000e+01
   1.4380000e+01
   1.5580000e+01
   1.4680000e+01
   1.9580000e+01
   2.0380000e+01
   2.4280000e+01
   2.4080000e+01
   2.2080000e+01
   1.8380000e+01
   1.4180000e+01
   1.0870000e+01
   1.0770000e+01
   1.1070000e+01
   1.3670000e+01
   1.5070000e+01
   1.9370000e+01
   2.0770000e+01
   2.3670000e+01
   2.4670000e+01
   2.2970000e+01
   1.6970000e+01
   1.4370000e+01
   1.1650000e+01
   9.5500000e+00
   1.1750000e+01
   1.5250000e+01
   1.6250000e+01
   1.9250000e+01
   1.8650000e+01
   2.3150000e+01
   2.3950000e+01
   2.0850000e+01
   1.6250000e+01
   1.5450000e+01
   1.2540000e+01
   1.0640000e+01
   1.2440000e+01
   1.3940000e+01
   1.4540000e+01
   1.6240000e+01
   2.0740000e+01
   6.0550000e+01
   2.2640000e+01
   1.9340000e+01
   1.5940000e+01
   1.3540000e+01
   1.2330000e+01
   1.1630000e+01
   1.1630000e+01
   1.6030000e+01
   1.5530000e+01
   1.6630000e+01
   2.1530000e+01
   2.1730000e+01
   2.2730000e+01
   2.0930000e+01
   1.8730000e+01
   1.5130000e+01
   1.3010000e+01
   1.2710000e+01
   1.3410000e+01
   1.5310000e+01
   1.7110000e+01
   1.9210000e+01
   2.0810000e+01
   2.3410000e+01
   2.4510000e+01
   2.0710000e+01
   2.0310000e+01
   1.6810000e+01
   1.3300000e+01
   1.2600000e+01
   1.1300000e+01
   1.3900000e+01
   1.6500000e+01
   1.7200000e+01
             NaN
   2.3400000e+01
   2.1700000e+01
   2.0700000e+01
   1.8600000e+01
   1.4700000e+01
   1.2680000e+01
   1.1480000e+01
   1.4580000e+01
   1.8580000e+01
   1.8580000e+01
   1.7480000e+01
   1.8980000e+01
   2.2780000e+01
   2.2380000e+01
   2.2680000e+01
   1.9980000e+01
   1.5880000e+01
   1.3170000e+01
   1.2670000e+01
   1.4270000e+01
   1.6370000e+01
   1.4470000e+01
   1.7170000e+01
   2.0470000e+01
   2.2670000e+01
   2.3670000e+01
   2.1370000e+01
   1.8270000e+01
   1.5570000e+01
   1.0750000e+01
   1.1350000e+01
   1.1850000e+01
   1.4650000e+01
   1.6450000e+01
   1.7950000e+01
   2.0750000e+01
   2.3150000e+01
   2.2750000e+01
   2.1150000e+01
   1.8050000e+01
   1.3550000e+01
   1.2140000e+01
   9.4400000e+00
   1.4240000e+01
   1.5640000e+01
   1.3840000e+01
   1.7940000e+01
   2.2040000e+01
   2.2440000e+01
   2.3640000e+01
   2.1840000e+01
   1.8240000e+01
   1.4240000e+01
   1.3920000e+01
   1.2420000e+01
   1.2920000e+01
   1.5040000e+01
   1.6140000e+01
   1.8140000e+01
   2.1540000e+01
   2.1640000e+01
   2.2640000e+01
   2.1340000e+01
   1.8940000e+01
   1.3640000e+01
   1.0430000e+01
   1.2730000e+01
   1.3630000e+01
   1.5130000e+01
   1.5730000e+01
   1.7030000e+01
   1.9930000e+01
   2.2030000e+01
   2.2330000e+01
   2.0330000e+01
   1.9230000e+01
   1.5130000e+01
   1.3920000e+01
   1.1720000e+01
   1.2220000e+01
   1.4920000e+01
   1.5620000e+01
   1.9620000e+01
   2.1920000e+01
   2.2520000e+01
   2.4720000e+01
   2.2820000e+01
   1.7820000e+01
   1.4920000e+01
   1.1700000e+01
   1.2800000e+01
   1.2200000e+01
   1.3300000e+01
   1.5800000e+01
   1.8100000e+01
   2.3100000e+01
   2.3600000e+01
   2.3300000e+01
   2.1900000e+01
   1.8300000e+01
   1.4100000e+01
   1.1890000e+01
   1.0790000e+01
   1.0690000e+01
   1.4190000e+01
   1.6090000e+01
   1.8790000e+01
   2.2990000e+01
   2.1590000e+01
   2.4490000e+01
   2.1890000e+01
   1.9190000e+01
   1.3890000e+01
   1.2170000e+01
   1.0370000e+01
   1.1370000e+01
   1.4270000e+01
   1.6970000e+01
   1.9770000e+01
   2.1270000e+01
   2.4070000e+01
   2.4470000e+01
   2.2270000e+01
   1.9770000e+01
   1.6970000e+01
   1.1760000e+01
   1.1360000e+01
   1.3360000e+01
   1.4560000e+01
   1.6060000e+01
  -3.2500000e+00
   1.9760000e+01
   2.2360000e+01
   2.2260000e+01
   2.1660000e+01
   1.9460000e+01
   1.5160000e+01
   1.1840000e+01
   1.3440000e+01
   1.3940000e+01
   1.4040000e+01
   1.6740000e+01
   1.6840000e+01
   2.1840000e+01
   2.2340000e+01
   2.1940000e+01
   2.0840000e+01
   1.8040000e+01
   1.3240000e+01
   1.1530000e+01
   1.0830000e+01
   1.2430000e+01
   1.6230000e+01
   1.4630000e+01
   1.8630000e+01
   2.1930000e+01
   2.2030000e+01
   2.3630000e+01
   2.1830000e+01
   2.0630000e+01
   1.5930000e+01
   1.2420000e+01
   1.1620000e+01
   1.1220000e+01
   1.3520000e+01
   1.7220000e+01
   1.8220000e+01
   2.0520000e+01
   2.4320000e+01
   2.5120000e+01
   2.2120000e+01
   1.7620000e+01
   1.4020000e+01
             NaN
   1.1300000e+01
   1.2800000e+01
   1.3800000e+01
   1.8800000e+01
   2.0600000e+01
   2.1300000e+01
   2.1400000e+01
   2.2200000e+01
   2.2000000e+01
   2.0800000e+01
   1.4800000e+01
   1.2290000e+01
   1.1790000e+01
   1.1090000e+01
   1.5590000e+01
   1.3890000e+01
   1.9390000e+01
   2.0990000e+01
   2.1990000e+01
   2.2890000e+01
   2.2690000e+01
   1.8090000e+01
   1.3690000e+01
             NaN
   1.2270000e+01
   1.1370000e+01
   1.2770000e+01
   1.5470000e+01
   1.6870000e+01
   2.0570000e+01
   2.3170000e+01
   2.4070000e+01
   2.2170000e+01
   1.8970000e+01
   1.3970000e+01
   1.1760000e+01
   1.2660000e+01
   1.2060000e+01
   1.3760000e+01
   1.6060000e+01
   1.8560000e+01
   2.0560000e+01
   2.2060000e+01
   2.2260000e+01
   2.1560000e+01
   2.0860000e+01
   1.5160000e+01
   1.1640000e+01
   1.0940000e+01
   1.1240000e+01
   1.4040000e+01
   1.6740000e+01
   2.0140000e+01
   2.2240000e+01
   2.2740000e+01
   2.2840000e+01
   2.0540000e+01
   1.8540000e+01
   1.6040000e+01
   1.3930000e+01
   1.3530000e+01
   1.2630000e+01
   1.2830000e+01
   1.4630000e+01
   1.7230000e+01
   2.1630000e+01
   2.4330000e+01
   2.4730000e+01
   2.2630000e+01
   1.8930000e+01
   1.4730000e+01
   1.2810000e+01
   1.1110000e+01
   1.3210000e+01
   1.4410000e+01
   1.8310000e+01
   1.9710000e+01
   2.2710000e+01
   2.2710000e+01
   2.3210000e+01
   2.1010000e+01
   2.1310000e+01
   1.5110000e+01
   1.2200000e+01
   1.2100000e+01
   1.1700000e+01
   1.2700000e+01
   1.4800000e+01
   1.7400000e+01
   1.9900000e+01
   2.1200000e+01
   2.4900000e+01
   2.3700000e+01
   1.8900000e+01
   1.4100000e+01
             NaN
