   1.0000000e+00   3.3000000e+01   0.0000000e+00   1.3200000e+02   9.1579173e+01   1.0000000e+00   9.0000000e+01   8.0000000e-01   1.0000000e+00   0.0000000e+00
   1.0000000e+00   6.9000000e+01   0.0000000e+00   1.4700000e+02   5.2785861e+01   0.0000000e+00   5.2000000e+01   1.4000000e+00   1.0000000e+00   0.0000000e+00
   1.0000000e+00   6.3000000e+01   0.0000000e+00   1.4200000e+02   4.0692798e+01   1.0000000e+00   4.4000000e+01   1.1000000e+00   3.0000000e+00   1.0000000e+00
   0.0000000e+00   7.9000000e+01   0.0000000e+00   1.4700000e+02   1.0642082e+02   1.0000000e+00   1.1000000e+02   9.0000000e-01   1.0000000e+00   1.0000000e+00
   0.0000000e+00   6.1000000e+01   0.0000000e+00   1.0700000e+02   8.2148302e+01   0.0000000e+00   8.0000000e+01   1.1000000e+00   1.0000000e+00   0.0000000e+00
   1.0000000e+00   6.1000000e+01   0.0000000e+00   8.9000000e+01   7.1669435e+01   0.0000000e+00   7.0000000e+01   1.3000000e+00   1.0000000e+00   0.0000000e+00
   0.0000000e+00   4.6000000e+01   0.0000000e+00   1.0300000e+02   9.1327109e+01   0.0000000e+00   8.9000000e+01   9.0000000e-01   1.0000000e+00   0.0000000e+00
   0.0000000e+00   7.1000000e+01   1.0000000e+00   1.0000000e+02   7.1274155e+01   1.0000000e+00   7.4000000e+01   1.3000000e+00   1.0000000e+00   1.0000000e+00
   1.0000000e+00   4.4000000e+01   0.0000000e+00   1.3500000e+02   7.4432355e+01   0.0000000e+00   7.3000000e+01   9.0000000e-01   1.0000000e+00   0.0000000e+00
   1.0000000e+00   5.4000000e+01   0.0000000e+00   1.1200000e+02   6.7267252e+01   0.0000000e+00   7.1000000e+01   1.4000000e+00   3.0000000e+00   1.0000000e+00
   1.0000000e+00   6.8000000e+01   0.0000000e+00   1.4200000e+02   7.7724924e+01   0.0000000e+00   7.5000000e+01   7.5000000e+00   1.0000000e+00   0.0000000e+00
   1.0000000e+00   4.0000000e+01   0.0000000e+00   1.0200000e+02   7.7985770e+01   0.0000000e+00   7.6000000e+01   1.1000000e+00   1.0000000e+00   0.0000000e+00
   1.0000000e+00   5.2000000e+01   0.0000000e+00   1.2200000e+02   8.3516514e+01   0.0000000e+00   8.0000000e+01   9.0000000e-01   1.0000000e+00   0.0000000e+00
   1.0000000e+00   5.7000000e+01   1.0000000e+00   1.2200000e+02   5.8277628e+01   0.0000000e+00   5.7000000e+01   1.2000000e+00   1.0000000e+00   0.0000000e+00
   1.0000000e+00   6.9000000e+01   0.0000000e+00   1.5000000e+02   8.4702792e+01   1.0000000e+00   8.8000000e+01   2.1000000e+00   1.0000000e+00   1.0000000e+00
   1.0000000e+00   5.8000000e+01   0.0000000e+00   1.1300000e+02   6.7725298e+01   1.0000000e+00   7.0000000e+01   1.2000000e+00   1.0000000e+00   1.0000000e+00
   1.0000000e+00   6.2000000e+01   0.0000000e+00   1.3800000e+02   6.2740939e+01   1.0000000e+00   6.7000000e+01   9.0000000e-01   2.0000000e+00   1.0000000e+00
   1.0000000e+00   8.6000000e+01   0.0000000e+00   8.2000000e+01   6.2743747e+01   0.0000000e+00   6.5000000e+01   8.0000000e-01   1.0000000e+00   1.0000000e+00
   0.0000000e+00   7.4000000e+01   0.0000000e+00   1.1400000e+02   8.4736216e+01   0.0000000e+00   8.3000000e+01   9.0000000e-01   1.0000000e+00   0.0000000e+00
   1.0000000e+00   5.7000000e+01   0.0000000e+00   1.3000000e+02   8.2272537e+01   1.0000000e+00   8.6000000e+01   9.0000000e-01   2.0000000e+00   1.0000000e+00
   1.0000000e+00   7.0000000e+01   0.0000000e+00   1.4400000e+02   5.1761867e+01   1.0000000e+00   5.5000000e+01   1.2000000e+00   1.0000000e+00   1.0000000e+00
   1.0000000e+00   8.7000000e+01   0.0000000e+00   1.4000000e+02   1.0545043e+02   1.0000000e+00   1.0900000e+02   1.5000000e+00   2.0000000e+00   1.0000000e+00
   1.0000000e+00   6.0000000e+01   1.0000000e+00   1.3200000e+02   6.3111457e+01   0.0000000e+00   6.0000000e+01   1.0000000e+00   1.0000000e+00   0.0000000e+00
   1.0000000e+00   5.7000000e+01   0.0000000e+00   1.0800000e+02   7.3895464e+01   1.0000000e+00   7.2000000e+01   1.2000000e+00   1.0000000e+00   0.0000000e+00
   1.0000000e+00   5.0000000e+01   0.0000000e+00   1.3800000e+02   6.6762409e+01   1.0000000e+00   6.6000000e+01   1.4000000e+00   1.0000000e+00   0.0000000e+00
   1.0000000e+00   6.6000000e+01   0.0000000e+00   1.3700000e+02   5.7187744e+01   1.0000000e+00   6.0000000e+01   1.0000000e+00   1.0000000e+00   1.0000000e+00
   1.0000000e+00   4.8000000e+01   0.0000000e+00   8.2000000e+01   6.2308953e+01   1.0000000e+00   6.1000000e+01   1.0000000e+00   1.0000000e+00   0.0000000e+00
   0.0000000e+00   7.2000000e+01   0.0000000e+00   1.8000000e+02   7.5797229e+01   0.0000000e+00   7.5000000e+01   9.0000000e-01   1.0000000e+00   0.0000000e+00
   1.0000000e+00   8.0000000e+01   0.0000000e+00   1.1800000e+02   4.4678746e+01   1.0000000e+00   4.9000000e+01   1.2000000e+00   2.0000000e+00   1.0000000e+00
   1.0000000e+00   6.8000000e+01   0.0000000e+00   1.4000000e+02   1.3779153e+02   1.0000000e+00   1.4000000e+02   1.1000000e+00   1.0000000e+00   1.0000000e+00
   1.0000000e+00   6.5000000e+01   0.0000000e+00   1.3200000e+02   6.6859007e+01   0.0000000e+00   6.6000000e+01   1.1000000e+00   1.0000000e+00   0.0000000e+00
   1.0000000e+00   4.9000000e+01   0.0000000e+00   1.5200000e+02   9.0858616e+01   0.0000000e+00   9.0000000e+01   1.0000000e+00   1.0000000e+00   0.0000000e+00
   1.0000000e+00   4.4000000e+01   0.0000000e+00   7.7000000e+01   6.9988155e+01   0.0000000e+00   6.8000000e+01   1.2000000e+00   1.0000000e+00   0.0000000e+00
   1.0000000e+00   5.9000000e+01   0.0000000e+00   1.1400000e+02   6.6562937e+01   0.0000000e+00   6.6000000e+01   1.0000000e+00   1.0000000e+00   0.0000000e+00
   0.0000000e+00   7.2000000e+01   0.0000000e+00   1.6000000e+02   6.5911543e+01   0.0000000e+00   6.3000000e+01   1.0000000e+00   1.0000000e+00   0.0000000e+00
   1.0000000e+00   7.5000000e+01   0.0000000e+00   1.7000000e+02   5.8829657e+01   1.0000000e+00   5.7000000e+01   1.1000000e+00   1.0000000e+00   0.0000000e+00
   0.0000000e+00   6.7000000e+01   0.0000000e+00   1.4000000e+02   7.5661509e+01   1.0000000e+00   7.3000000e+01   1.1000000e+00   1.0000000e+00   0.0000000e+00
   1.0000000e+00   6.3000000e+01   0.0000000e+00   1.3900000e+02   7.8947956e+01   1.0000000e+00   8.2000000e+01   1.0000000e+00   1.0000000e+00   1.0000000e+00
   1.0000000e+00   8.1000000e+01   0.0000000e+00   1.5000000e+02   9.4766426e+01   0.0000000e+00   9.8000000e+01   1.5000000e+00   1.0000000e+00   1.0000000e+00
   1.0000000e+00   6.9000000e+01   0.0000000e+00   1.5100000e+02   1.0243675e+02   1.0000000e+00   1.0000000e+02   1.2000000e+00   1.0000000e+00   0.0000000e+00
   1.0000000e+00   6.8000000e+01   0.0000000e+00   1.3600000e+02   7.8555108e+01   1.0000000e+00   8.2000000e+01   8.0000000e-01   1.0000000e+00   1.0000000e+00
   0.0000000e+00   7.1000000e+01   1.0000000e+00   1.4000000e+02   7.1119684e+01   1.0000000e+00   7.5000000e+01   1.2000000e+00   1.0000000e+00   1.0000000e+00
   1.0000000e+00   5.9000000e+01   1.0000000e+00   1.5300000e+02   7.8797510e+01   1.0000000e+00   7.7000000e+01   7.0000000e-01   1.0000000e+00   0.0000000e+00
   1.0000000e+00   7.6000000e+01   0.0000000e+00   1.2600000e+02   8.0050554e+01   0.0000000e+00   7.7000000e+01   1.4000000e+00   1.0000000e+00   0.0000000e+00
   1.0000000e+00   5.4000000e+01   0.0000000e+00   1.1700000e+02   6.9833973e+01   1.0000000e+00   6.8000000e+01   6.0000000e-01   1.0000000e+00   0.0000000e+00
   1.0000000e+00   7.6000000e+01   0.0000000e+00   1.3000000e+02   5.0718399e+01   0.0000000e+00   4.8000000e+01   1.0000000e+00   1.0000000e+00   0.0000000e+00
   1.0000000e+00   5.6000000e+01   0.0000000e+00   1.2900000e+02   5.5449393e+01   1.0000000e+00   5.2000000e+01   8.0000000e-01   1.0000000e+00   0.0000000e+00
   1.0000000e+00   8.1000000e+01   0.0000000e+00   1.6200000e+02   5.7638742e+01   1.0000000e+00   6.1000000e+01   1.1000000e+00   1.0000000e+00   1.0000000e+00
   1.0000000e+00   4.6000000e+01   0.0000000e+00   1.2500000e+02   9.1077406e+01   1.0000000e+00   9.0000000e+01   1.1000000e+00   1.0000000e+00   0.0000000e+00
   1.0000000e+00   6.0000000e+01   0.0000000e+00   7.8000000e+01   5.8891509e+01   0.0000000e+00   5.6000000e+01   1.3000000e+00   1.0000000e+00   0.0000000e+00
   1.0000000e+00   6.5000000e+01   0.0000000e+00   1.2800000e+02   4.2456445e+01   1.0000000e+00   4.4000000e+01   1.3000000e+00   1.0000000e+00   1.0000000e+00
   1.0000000e+00   4.7000000e+01   0.0000000e+00   1.6500000e+02   7.0363412e+01   1.0000000e+00   6.9000000e+01   1.1000000e+00   1.0000000e+00   0.0000000e+00
   1.0000000e+00   8.0000000e+01   0.0000000e+00   1.4400000e+02   6.4064719e+01   0.0000000e+00   6.1000000e+01   1.2000000e+00   1.0000000e+00   0.0000000e+00
   1.0000000e+00   7.8000000e+01   1.0000000e+00   1.1800000e+02   5.4631626e+01   1.0000000e+00   5.7000000e+01   1.1000000e+00   1.0000000e+00   1.0000000e+00
   1.0000000e+00   5.6000000e+01   1.0000000e+00   1.2900000e+02   5.6830076e+01   0.0000000e+00   5.4000000e+01   1.0000000e+00   1.0000000e+00   0.0000000e+00
   1.0000000e+00   6.9000000e+01   0.0000000e+00   1.5200000e+02   7.1297870e+01   1.0000000e+00   7.0000000e+01   8.0000000e-01   1.0000000e+00   0.0000000e+00
   1.0000000e+00   7.8000000e+01   0.0000000e+00   1.8200000e+02   8.8395812e+01   1.0000000e+00   9.0000000e+01   1.0000000e+00   1.0000000e+00   1.0000000e+00
   1.0000000e+00   4.2000000e+01   1.0000000e+00   1.2400000e+02   8.9594297e+01   1.0000000e+00   8.7000000e+01   1.1000000e+00   1.0000000e+00   0.0000000e+00
   1.0000000e+00   8.1000000e+01   0.0000000e+00   1.2200000e+02   6.7881818e+01   0.0000000e+00   6.6000000e+01   1.4000000e+00   1.0000000e+00   0.0000000e+00
   1.0000000e+00   5.5000000e+01   0.0000000e+00   1.1800000e+02   7.8306569e+01   0.0000000e+00   7.5000000e+01   1.1000000e+00   1.0000000e+00   0.0000000e+00
   1.0000000e+00   6.3000000e+01   0.0000000e+00   9.6000000e+01   7.6279189e+01   0.0000000e+00   7.3000000e+01   1.4000000e+00   1.0000000e+00   0.0000000e+00
   1.0000000e+00   6.5000000e+01   1.0000000e+00   1.7000000e+02   6.6041571e+01   1.0000000e+00   7.0000000e+01   1.0000000e+01   1.0000000e+00   1.0000000e+00
   1.0000000e+00   6.1000000e+01   0.0000000e+00   1.2500000e+02   7.5246226e+01   1.0000000e+00   7.2000000e+01   1.1000000e+00   1.0000000e+00   0.0000000e+00
   1.0000000e+00   7.2000000e+01   0.0000000e+00   1.3200000e+02   6.0967949e+01   0.0000000e+00   6.0000000e+01   1.2000000e+00   1.0000000e+00   0.0000000e+00
   1.0000000e+00   6.6000000e+01   0.0000000e+00   1.2200000e+02   6.8725679e+01   1.0000000e+00   6.7000000e+01   1.4000000e+00   1.0000000e+00   0.0000000e+00
   1.0000000e+00   7.5000000e+01   0.0000000e+00   1.7200000e+02   8.2557291e+01   1.0000000e+00   8.7000000e+01   1.2000000e+00   1.0000000e+00   1.0000000e+00
   1.0000000e+00   6.8000000e+01   0.0000000e+00   1.6800000e+02   9.2334586e+01   1.0000000e+00   9.0000000e+01   8.0000000e-01   1.0000000e+00   0.0000000e+00
   1.0000000e+00   5.1000000e+01   1.0000000e+00   1.2600000e+02   1.1011256e+02   0.0000000e+00   1.0800000e+02   1.4000000e+00   1.0000000e+00   0.0000000e+00
   1.0000000e+00   4.8000000e+01   0.0000000e+00   1.2400000e+02   6.3343545e+01   0.0000000e+00   6.1000000e+01   1.1000000e+00   1.0000000e+00   0.0000000e+00
   0.0000000e+00   4.4000000e+01   0.0000000e+00   1.4200000e+02   8.5552310e+01   1.0000000e+00   8.4000000e+01   9.0000000e-01   1.0000000e+00   0.0000000e+00
   1.0000000e+00   6.3000000e+01   0.0000000e+00   9.0000000e+01   6.5842727e+01   0.0000000e+00   7.0000000e+01   8.0000000e-01   1.0000000e+00   1.0000000e+00
   1.0000000e+00   5.0000000e+01   1.0000000e+00   1.2300000e+02   7.4511195e+01   0.0000000e+00   7.1000000e+01   8.0000000e-01   1.0000000e+00   0.0000000e+00
   1.0000000e+00   6.4000000e+01   0.0000000e+00   1.3200000e+02   9.7243526e+01   0.0000000e+00   9.5000000e+01   1.5000000e+00   2.0000000e+00   0.0000000e+00
   1.0000000e+00   5.9000000e+01   0.0000000e+00   1.2700000e+02   5.7646070e+01   1.0000000e+00   5.7000000e+01   1.1000000e+00   1.0000000e+00   0.0000000e+00
   1.0000000e+00   5.3000000e+01   0.0000000e+00   7.9000000e+01   8.0068166e+01   0.0000000e+00   7.7000000e+01   1.1000000e+00   1.0000000e+00   0.0000000e+00
   0.0000000e+00   6.0000000e+01   1.0000000e+00   1.1900000e+02   1.0297603e+02   1.0000000e+00   1.0600000e+02   1.0000000e+00   2.0000000e+00   1.0000000e+00
   1.0000000e+00   5.9000000e+01   0.0000000e+00   1.3400000e+02   5.2317310e+01   0.0000000e+00   4.9000000e+01   1.0000000e+00   1.0000000e+00   0.0000000e+00
   1.0000000e+00   6.8000000e+01   0.0000000e+00   1.3200000e+02   9.4410249e+01   0.0000000e+00   9.2000000e+01   1.2000000e+00   1.0000000e+00   0.0000000e+00
   0.0000000e+00   5.7000000e+01   1.0000000e+00   9.5000000e+01   1.1705722e+02   0.0000000e+00   1.2000000e+02   9.0000000e-01   3.0000000e+00   1.0000000e+00
   1.0000000e+00   7.8000000e+01   0.0000000e+00   1.5900000e+02   6.9888875e+01   0.0000000e+00   7.2000000e+01   1.3000000e+00   3.0000000e+00   1.0000000e+00
   1.0000000e+00   7.0000000e+01   0.0000000e+00   1.4900000e+02   1.0260691e+02   1.0000000e+00   1.0700000e+02   1.0000000e+00   1.0000000e+00   1.0000000e+00
   1.0000000e+00   7.7000000e+01   0.0000000e+00   1.1200000e+02   4.8323592e+01   0.0000000e+00   4.7000000e+01   1.1000000e+00   1.0000000e+00   0.0000000e+00
   1.0000000e+00   7.3000000e+01   0.0000000e+00   1.7900000e+02   7.6331271e+01   1.0000000e+00   8.0000000e+01   1.3000000e+00   1.0000000e+00   1.0000000e+00
   1.0000000e+00   4.7000000e+01   1.0000000e+00   9.0000000e+01   6.1547738e+01   0.0000000e+00   5.9000000e+01   1.0000000e+00   1.0000000e+00   0.0000000e+00
   0.0000000e+00   5.6000000e+01   0.0000000e+00   8.8000000e+01   6.9054041e+01   0.0000000e+00   6.6000000e+01   8.0000000e-01   1.0000000e+00   0.0000000e+00
   1.0000000e+00   5.9000000e+01   0.0000000e+00   1.2200000e+02   8.2007550e+01   1.0000000e+00   8.0000000e+01   1.9000000e+00   1.0000000e+00   0.0000000e+00
   1.0000000e+00   6.6000000e+01   0.0000000e+00   1.4200000e+02   6.5376564e+01   0.0000000e+00   6.4000000e+01   1.3000000e+00   1.0000000e+00   0.0000000e+00
   0.0000000e+00   6.0000000e+01   0.0000000e+00   1.0100000e+02   1.1099986e+02   1.0000000e+00   1.1500000e+02   7.0000000e-01   3.0000000e+00   1.0000000e+00
   1.0000000e+00   7.4000000e+01   0.0000000e+00   1.6400000e+02   7.6027392e+01   1.0000000e+00   7.8000000e+01   7.0000000e-01   1.0000000e+00   1.0000000e+00
   0.0000000e+00   6.8000000e+01   0.0000000e+00   1.0200000e+02   8.1161813e+01   0.0000000e+00   8.0000000e+01   1.0000000e+00   1.0000000e+00   0.0000000e+00
   1.0000000e+00   7.4000000e+01   0.0000000e+00   1.2800000e+02   5.5909460e+01   0.0000000e+00   5.3000000e+01   1.3000000e+00   1.0000000e+00   0.0000000e+00
   0.0000000e+00   7.9000000e+01   0.0000000e+00   1.1400000e+02   4.6528782e+01   1.0000000e+00   5.0000000e+01   8.0000000e-01   1.0000000e+00   1.0000000e+00
   1.0000000e+00   5.7000000e+01   0.0000000e+00   1.3700000e+02   1.0789429e+02   0.0000000e+00   1.0700000e+02   1.0000000e+00   1.0000000e+00   0.0000000e+00
   1.0000000e+00   6.3000000e+01   0.0000000e+00   1.4800000e+02   7.9386191e+01   0.0000000e+00   7.6000000e+01   1.2000000e+00   1.0000000e+00   0.0000000e+00
   1.0000000e+00   5.3000000e+01   0.0000000e+00   1.4700000e+02   9.3769165e+01   1.0000000e+00   9.3000000e+01   1.0000000e+00   1.0000000e+00   0.0000000e+00
   1.0000000e+00   6.2000000e+01   0.0000000e+00   1.0800000e+02   6.3976082e+01   0.0000000e+00   6.2000000e+01   1.2000000e+00   1.0000000e+00   0.0000000e+00
   1.0000000e+00   6.7000000e+01   0.0000000e+00   1.2400000e+02   4.5038372e+01   1.0000000e+00   4.4000000e+01   1.2000000e+00   1.0000000e+00   0.0000000e+00
   1.0000000e+00   7.5000000e+01   0.0000000e+00   1.8000000e+02   6.8800692e+01   1.0000000e+00   7.3000000e+01   1.3000000e+00   1.0000000e+00   1.0000000e+00
   1.0000000e+00   6.2000000e+01   0.0000000e+00   1.0800000e+02   4.7773151e+01   0.0000000e+00   4.6000000e+01   1.5000000e+00   1.0000000e+00   0.0000000e+00
   1.0000000e+00   7.0000000e+01   0.0000000e+00   1.4500000e+02   6.4390428e+01   1.0000000e+00   6.6000000e+01   1.6000000e+00   1.0000000e+00   1.0000000e+00
   1.0000000e+00   5.5000000e+01   0.0000000e+00   1.2100000e+02   6.1628705e+01   1.0000000e+00   6.0000000e+01   1.1000000e+00   1.0000000e+00   0.0000000e+00
   1.0000000e+00   6.2000000e+01   1.0000000e+00   1.0200000e+02   7.0617552e+01   0.0000000e+00   6.8000000e+01   8.0000000e-01   1.0000000e+00   0.0000000e+00
   1.0000000e+00   5.3000000e+01   0.0000000e+00   1.0100000e+02   6.6648177e+01   0.0000000e+00   6.6000000e+01   9.0000000e-01   1.0000000e+00   0.0000000e+00
   0.0000000e+00   6.8000000e+01   0.0000000e+00   1.3000000e+02   9.2946643e+01   0.0000000e+00   9.0000000e+01   9.0000000e-01   1.0000000e+00   0.0000000e+00
   1.0000000e+00   7.6000000e+01   1.0000000e+00   1.4700000e+02   7.2373096e+01   1.0000000e+00   7.5000000e+01   3.6000000e+00   3.0000000e+00   1.0000000e+00
   1.0000000e+00   8.3000000e+01   0.0000000e+00   1.4300000e+02   7.8900882e+01   1.0000000e+00   8.2000000e+01   1.3000000e+00   1.0000000e+00   1.0000000e+00
   0.0000000e+00   5.0000000e+01   0.0000000e+00   1.0300000e+02   5.6416165e+01   0.0000000e+00   5.4000000e+01   7.0000000e-01   1.0000000e+00   0.0000000e+00
   1.0000000e+00   5.2000000e+01   0.0000000e+00   1.2200000e+02   9.2121328e+01   0.0000000e+00   9.0000000e+01   1.1000000e+00   1.0000000e+00   0.0000000e+00
   0.0000000e+00   6.9000000e+01   1.0000000e+00   6.0000000e+01   4.6656905e+01   1.0000000e+00   5.0000000e+01   1.5000000e+00   2.0000000e+00   1.0000000e+00
   1.0000000e+00   5.6000000e+01   0.0000000e+00   1.4300000e+02   8.1650739e+01   1.0000000e+00   8.0000000e+01   1.3000000e+00   1.0000000e+00   0.0000000e+00
   1.0000000e+00   4.5000000e+01   0.0000000e+00   1.0200000e+02   9.3628036e+01   0.0000000e+00   9.3000000e+01   1.1000000e+00   1.0000000e+00   0.0000000e+00
   1.0000000e+00   7.5000000e+01   0.0000000e+00   1.4200000e+02   9.1550075e+01   1.0000000e+00   9.5000000e+01   1.2000000e+00   1.0000000e+00   1.0000000e+00
   0.0000000e+00   6.2000000e+01   0.0000000e+00   1.3300000e+02   6.3283457e+01   0.0000000e+00   6.2000000e+01   9.0000000e-01   1.0000000e+00   0.0000000e+00
   1.0000000e+00   6.8000000e+01   0.0000000e+00   1.5700000e+02   7.5084142e+01   1.0000000e+00   7.9000000e+01   1.0000000e+00   1.0000000e+00   1.0000000e+00
   1.0000000e+00   6.1000000e+01   0.0000000e+00   1.7300000e+02   7.2846116e+01   0.0000000e+00   7.1000000e+01   1.0000000e+00   1.0000000e+00   0.0000000e+00
   1.0000000e+00   6.0000000e+01   0.0000000e+00   1.3200000e+02   8.1724552e+01   1.0000000e+00   8.0000000e+01   1.0000000e+00   1.0000000e+00   0.0000000e+00
   0.0000000e+00   7.5000000e+01   1.0000000e+00   1.5200000e+02   7.6794002e+01   1.0000000e+00   7.4000000e+01   8.0000000e-01   1.0000000e+00   0.0000000e+00
   0.0000000e+00   4.6000000e+01   0.0000000e+00   1.1200000e+02   8.6421208e+01   1.0000000e+00   8.5000000e+01   9.0000000e-01   1.0000000e+00   0.0000000e+00
   1.0000000e+00   5.2000000e+01   0.0000000e+00   1.0300000e+02   6.6587471e+01   0.0000000e+00   6.4000000e+01   1.3000000e+00   1.0000000e+00   0.0000000e+00
   1.0000000e+00   5.0000000e+01   1.0000000e+00   1.1800000e+02   6.4562931e+01   0.0000000e+00   6.2000000e+01   5.1000000e+00   1.0000000e+00   0.0000000e+00
   1.0000000e+00   8.1000000e+01   0.0000000e+00   1.5500000e+02   6.6662969e+01   1.0000000e+00   6.9000000e+01   1.5000000e+00   1.0000000e+00   1.0000000e+00
   1.0000000e+00   6.3000000e+01   1.0000000e+00   1.2200000e+02   7.7905413e+01   1.0000000e+00   7.7000000e+01   1.2000000e+00   1.0000000e+00   0.0000000e+00
   1.0000000e+00   7.8000000e+01   0.0000000e+00   1.4700000e+02   6.7123054e+01   1.0000000e+00   6.9000000e+01   1.2000000e+00   1.0000000e+00   1.0000000e+00
   1.0000000e+00   6.1000000e+01   0.0000000e+00   1.7000000e+02   9.1734044e+01   1.0000000e+00   9.5000000e+01   1.1000000e+00   3.0000000e+00   1.0000000e+00
   1.0000000e+00   6.8000000e+01   1.0000000e+00   1.6300000e+02   9.3044000e+01   1.0000000e+00   9.6000000e+01   7.7000000e+00   1.0000000e+00   1.0000000e+00
   1.0000000e+00   7.5000000e+01   0.0000000e+00   1.7800000e+02   6.1679264e+01   1.0000000e+00   6.6000000e+01   1.3000000e+00   1.0000000e+00   1.0000000e+00
   1.0000000e+00   4.1000000e+01   0.0000000e+00   1.0700000e+02   7.3016292e+01   1.0000000e+00   7.2000000e+01   1.1000000e+00   1.0000000e+00   0.0000000e+00
   1.0000000e+00   5.6000000e+01   0.0000000e+00   1.3600000e+02   7.6422330e+01   0.0000000e+00   7.3000000e+01   1.1000000e+00   1.0000000e+00   0.0000000e+00
   1.0000000e+00   7.8000000e+01   0.0000000e+00   1.8000000e+02   8.6516046e+01   1.0000000e+00   9.0000000e+01   1.0000000e+00   1.0000000e+00   1.0000000e+00
   1.0000000e+00   7.1000000e+01   0.0000000e+00   1.1300000e+02   5.7794162e+01   1.0000000e+00   6.0000000e+01   9.0000000e-01   1.0000000e+00   1.0000000e+00
   1.0000000e+00   4.9000000e+01   0.0000000e+00   1.1100000e+02   1.0918689e+02   0.0000000e+00   1.1100000e+02   1.0000000e+00   3.0000000e+00   1.0000000e+00
   1.0000000e+00   4.7000000e+01   1.0000000e+00   1.1500000e+02   8.6704714e+01   1.0000000e+00   8.5000000e+01   9.0000000e-01   1.0000000e+00   0.0000000e+00
   1.0000000e+00   7.2000000e+01   1.0000000e+00   1.8300000e+02   7.5464769e+01   0.0000000e+00   7.4000000e+01   1.1000000e+00   1.0000000e+00   0.0000000e+00
   1.0000000e+00   6.1000000e+01   0.0000000e+00   1.2700000e+02   6.8835467e+01   1.0000000e+00   6.8000000e+01   1.3000000e+00   1.0000000e+00   0.0000000e+00
   1.0000000e+00   7.5000000e+01   1.0000000e+00   1.5200000e+02   9.1130749e+01   0.0000000e+00   8.8000000e+01   1.9000000e+00   1.0000000e+00   0.0000000e+00
   1.0000000e+00   6.7000000e+01   0.0000000e+00   1.5200000e+02   7.4017537e+01   1.0000000e+00   7.1000000e+01   1.2000000e+00   1.0000000e+00   0.0000000e+00
   0.0000000e+00   5.4000000e+01   0.0000000e+00   1.4100000e+02   8.4529360e+01   0.0000000e+00   8.3000000e+01   1.2000000e+00   1.0000000e+00   0.0000000e+00
   1.0000000e+00   7.2000000e+01   0.0000000e+00   1.4300000e+02   5.7432554e+01   1.0000000e+00   6.0000000e+01   1.2000000e+00   1.0000000e+00   1.0000000e+00
   1.0000000e+00   6.3000000e+01   0.0000000e+00   1.2200000e+02   8.9322272e+01   1.0000000e+00   9.2000000e+01   1.4000000e+00   3.0000000e+00   1.0000000e+00
   1.0000000e+00   4.3000000e+01   0.0000000e+00   1.0400000e+02   8.9831801e+01   0.0000000e+00   8.8000000e+01   1.0000000e+00   1.0000000e+00   0.0000000e+00
   1.0000000e+00   8.4000000e+01   0.0000000e+00   1.6000000e+02   6.1794473e+01   0.0000000e+00   6.6000000e+01   1.4000000e+00   2.0000000e+00   1.0000000e+00
   1.0000000e+00   5.7000000e+01   0.0000000e+00   1.4200000e+02   7.6945721e+01   0.0000000e+00   7.6000000e+01   1.0000000e+00   1.0000000e+00   0.0000000e+00
   1.0000000e+00   8.1000000e+01   0.0000000e+00   1.3100000e+02   6.5382247e+01   1.0000000e+00   6.8000000e+01   8.0000000e-01   1.0000000e+00   1.0000000e+00
   0.0000000e+00   5.6000000e+01   0.0000000e+00   1.3300000e+02   9.3509322e+01   1.0000000e+00   9.5000000e+01   8.0000000e-01   1.0000000e+00   1.0000000e+00
   0.0000000e+00   5.7000000e+01   0.0000000e+00   1.6200000e+02   8.5328196e+01   0.0000000e+00   8.2000000e+01   1.0000000e+00   1.0000000e+00   0.0000000e+00
   1.0000000e+00   7.8000000e+01   0.0000000e+00   1.3800000e+02   6.4219588e+01   0.0000000e+00   6.2000000e+01   1.4000000e+00   1.0000000e+00   0.0000000e+00
   1.0000000e+00   6.4000000e+01   0.0000000e+00   1.2300000e+02   7.8060739e+01   0.0000000e+00   7.6000000e+01   9.0000000e-01   1.0000000e+00   0.0000000e+00
   1.0000000e+00   7.7000000e+01   0.0000000e+00   1.2800000e+02   1.1085699e+02   1.0000000e+00   1.1400000e+02   1.2000000e+00   1.0000000e+00   1.0000000e+00
   1.0000000e+00   6.7000000e+01   1.0000000e+00   1.1900000e+02   5.4811180e+01   0.0000000e+00   5.2000000e+01   1.0000000e+00   1.0000000e+00   0.0000000e+00
   1.0000000e+00   7.6000000e+01   0.0000000e+00   1.3200000e+02   6.9620989e+01   0.0000000e+00   6.8000000e+01   1.5000000e+00   1.0000000e+00   0.0000000e+00
   0.0000000e+00   7.3000000e+01   0.0000000e+00   1.1300000e+02   8.5861565e+01   0.0000000e+00   9.0000000e+01   8.0000000e-01   2.0000000e+00   1.0000000e+00
   0.0000000e+00   7.3000000e+01   0.0000000e+00   1.6100000e+02   7.8223497e+01   1.0000000e+00   7.5000000e+01   9.0000000e-01   1.0000000e+00   0.0000000e+00
   1.0000000e+00   8.4000000e+01   0.0000000e+00   1.3000000e+02   6.2256281e+01   0.0000000e+00   6.4000000e+01   1.1000000e+00   1.0000000e+00   1.0000000e+00
   0.0000000e+00   7.5000000e+01   0.0000000e+00   1.6100000e+02   1.1507341e+02   1.0000000e+00   1.1700000e+02   1.2000000e+00   1.0000000e+00   1.0000000e+00
   1.0000000e+00   5.3000000e+01   0.0000000e+00   9.9000000e+01   6.3914814e+01   0.0000000e+00   6.1000000e+01   1.2000000e+00   1.0000000e+00   0.0000000e+00
   1.0000000e+00   7.0000000e+01   0.0000000e+00   1.2900000e+02   6.1625862e+01   1.0000000e+00   6.5000000e+01   1.0000000e+00   1.0000000e+00   1.0000000e+00
   1.0000000e+00   5.9000000e+01   0.0000000e+00   9.9000000e+01   7.1343430e+01   1.0000000e+00   6.9000000e+01   1.3000000e+00   1.0000000e+00   0.0000000e+00
   1.0000000e+00   6.1000000e+01   0.0000000e+00   1.0600000e+02   8.8908334e+01   0.0000000e+00   8.6000000e+01   7.0000000e-01   1.0000000e+00   0.0000000e+00
   1.0000000e+00   7.7000000e+01   0.0000000e+00   1.4700000e+02   6.4171185e+01   1.0000000e+00   6.1000000e+01   1.7000000e+00   1.0000000e+00   0.0000000e+00
   1.0000000e+00   8.3000000e+01   0.0000000e+00   1.9000000e+02   6.3249559e+01   1.0000000e+00   6.7000000e+01   1.2000000e+00   1.0000000e+00   1.0000000e+00
   0.0000000e+00   8.0000000e+01   0.0000000e+00   1.3000000e+02   6.6176114e+01   1.0000000e+00   7.0000000e+01   8.0000000e-01   2.0000000e+00   1.0000000e+00
   0.0000000e+00   5.0000000e+01   0.0000000e+00   1.0600000e+02   1.0081264e+02   1.0000000e+00   1.0000000e+02   7.0000000e-01   1.0000000e+00   0.0000000e+00
   0.0000000e+00   7.5000000e+01   0.0000000e+00   1.5100000e+02   9.8040955e+01   0.0000000e+00   9.6000000e+01   1.7000000e+00   1.0000000e+00   0.0000000e+00
   1.0000000e+00   6.8000000e+01   1.0000000e+00   1.2300000e+02   1.0193139e+02   0.0000000e+00   1.0400000e+02   1.6000000e+00   2.0000000e+00   1.0000000e+00
   0.0000000e+00   6.2000000e+01   0.0000000e+00   1.6800000e+02   6.9724252e+01   0.0000000e+00   6.9000000e+01   1.1000000e+00   1.0000000e+00   0.0000000e+00
   1.0000000e+00   6.2000000e+01   0.0000000e+00   1.2200000e+02   6.0595417e+01   0.0000000e+00   6.0000000e+01   1.3000000e+00   1.0000000e+00   0.0000000e+00
   1.0000000e+00   5.7000000e+01   0.0000000e+00   8.2000000e+01   7.8494486e+01   0.0000000e+00   7.5000000e+01   1.2000000e+00   1.0000000e+00   0.0000000e+00
   1.0000000e+00   5.0000000e+01   0.0000000e+00   1.2200000e+02   7.0646092e+01   1.0000000e+00   6.8000000e+01   1.0000000e+00   1.0000000e+00   0.0000000e+00
   1.0000000e+00   6.9000000e+01   0.0000000e+00   1.3200000e+02   5.7908889e+01   1.0000000e+00   6.0000000e+01   1.2000000e+00   1.0000000e+00   1.0000000e+00
   1.0000000e+00   6.6000000e+01   0.0000000e+00   7.8000000e+01   6.2397341e+01   0.0000000e+00   6.1000000e+01   1.3000000e+00   1.0000000e+00   0.0000000e+00
   1.0000000e+00   5.3000000e+01   0.0000000e+00   1.0400000e+02   7.8921764e+01   1.0000000e+00   7.8000000e+01   1.0000000e+00   1.0000000e+00   0.0000000e+00
   1.0000000e+00   6.9000000e+01   0.0000000e+00   1.3900000e+02   7.1078462e+01   1.0000000e+00   7.4000000e+01   1.0000000e+00   1.0000000e+00   1.0000000e+00
   1.0000000e+00   6.9000000e+01   0.0000000e+00   1.2100000e+02   8.4084882e+01   1.0000000e+00   8.7000000e+01   1.1000000e+00   1.0000000e+00   1.0000000e+00
   0.0000000e+00   4.3000000e+01   0.0000000e+00   1.0000000e+02   8.2560383e+01   1.0000000e+00   8.0000000e+01   7.0000000e-01   1.0000000e+00   0.0000000e+00
   1.0000000e+00   8.2000000e+01   0.0000000e+00   1.7800000e+02   7.4878213e+01   0.0000000e+00   7.4000000e+01   1.2000000e+00   1.0000000e+00   0.0000000e+00
   1.0000000e+00   4.7000000e+01   1.0000000e+00   1.3200000e+02   7.6030420e+01   1.0000000e+00   7.4000000e+01   1.0000000e+00   1.0000000e+00   0.0000000e+00
   1.0000000e+00   5.5000000e+01   0.0000000e+00   8.3000000e+01   7.3147301e+01   1.0000000e+00   7.7000000e+01   8.3000000e+00   1.0000000e+00   1.0000000e+00
   0.0000000e+00   4.6000000e+01   0.0000000e+00   1.1600000e+02   8.6644871e+01   0.0000000e+00   8.4000000e+01   7.0000000e-01   1.0000000e+00   0.0000000e+00
   1.0000000e+00   6.9000000e+01   0.0000000e+00   1.1400000e+02   5.5571152e+01   0.0000000e+00   5.4000000e+01   1.2000000e+00   1.0000000e+00   0.0000000e+00
   1.0000000e+00   6.6000000e+01   0.0000000e+00   1.1200000e+02   6.5760240e+01   0.0000000e+00   6.4000000e+01   1.1000000e+00   1.0000000e+00   0.0000000e+00
   1.0000000e+00   4.1000000e+01   0.0000000e+00   1.2500000e+02   6.2032097e+01   1.0000000e+00   5.9000000e+01   8.0000000e-01   1.0000000e+00   0.0000000e+00
   1.0000000e+00   5.7000000e+01   0.0000000e+00   1.5600000e+02   1.0919318e+02   1.0000000e+00   1.1100000e+02   7.8000000e+00   3.0000000e+00   1.0000000e+00
   0.0000000e+00   7.4000000e+01   0.0000000e+00   1.5900000e+02   7.1388436e+01   1.0000000e+00   7.3000000e+01   1.2000000e+00   3.0000000e+00   1.0000000e+00
   1.0000000e+00   3.4000000e+01   0.0000000e+00   9.8000000e+01   6.1124747e+01   0.0000000e+00   5.9000000e+01   1.0000000e+00   1.0000000e+00   0.0000000e+00
   1.0000000e+00   7.1000000e+01   0.0000000e+00   1.2200000e+02   6.5376439e+01   0.0000000e+00   6.2000000e+01   1.1000000e+00   1.0000000e+00   0.0000000e+00
   1.0000000e+00   4.5000000e+01   1.0000000e+00   1.4200000e+02   1.0049612e+02   0.0000000e+00   9.8000000e+01   1.0000000e+00   1.0000000e+00   0.0000000e+00
   0.0000000e+00   6.3000000e+01   0.0000000e+00   1.7200000e+02   6.7144286e+01   0.0000000e+00   6.6000000e+01   9.0000000e-01   1.0000000e+00   0.0000000e+00
   1.0000000e+00   7.0000000e+01   0.0000000e+00   1.4000000e+02   7.6566691e+01   1.0000000e+00   7.9000000e+01   1.0000000e+00   3.0000000e+00   1.0000000e+00
   1.0000000e+00   7.3000000e+01   0.0000000e+00   1.2700000e+02   8.6942725e+01   0.0000000e+00   8.6000000e+01   9.0000000e-01   1.0000000e+00   0.0000000e+00
   0.0000000e+00   8.0000000e+01   0.0000000e+00   1.5800000e+02   7.9387811e+01   1.0000000e+00   8.3000000e+01   1.0000000e+00   1.0000000e+00   1.0000000e+00
   1.0000000e+00   6.2000000e+01   1.0000000e+00   1.9200000e+02   6.5691798e+01   0.0000000e+00   6.3000000e+01   1.0000000e+00   2.0000000e+00   0.0000000e+00
   1.0000000e+00   6.1000000e+01   0.0000000e+00   1.3500000e+02   7.4040289e+01   1.0000000e+00   7.7000000e+01   1.2000000e+00   1.0000000e+00   1.0000000e+00
   0.0000000e+00   7.4000000e+01   0.0000000e+00   1.3700000e+02   9.1966151e+01   0.0000000e+00   9.1000000e+01   1.2000000e+00   1.0000000e+00   0.0000000e+00
   1.0000000e+00   6.5000000e+01   0.0000000e+00   1.4200000e+02   5.0634999e+01   1.0000000e+00   4.9000000e+01   1.0000000e+00   1.0000000e+00   0.0000000e+00
   1.0000000e+00   4.7000000e+01   0.0000000e+00   9.6000000e+01   7.1898362e+01   1.0000000e+00   7.0000000e+01   1.1000000e+00   1.0000000e+00   0.0000000e+00
   1.0000000e+00   7.5000000e+01   0.0000000e+00   1.4800000e+02   6.2646995e+01   1.0000000e+00   6.5000000e+01   1.1000000e+00   1.0000000e+00   1.0000000e+00
   1.0000000e+00   5.1000000e+01   0.0000000e+00   1.0200000e+02   6.2479106e+01   0.0000000e+00   6.0000000e+01   9.0000000e-01   1.0000000e+00   0.0000000e+00
   0.0000000e+00   6.5000000e+01   1.0000000e+00   1.3700000e+02   8.8110412e+01   0.0000000e+00   8.6000000e+01   9.0000000e-01   1.0000000e+00   0.0000000e+00
   0.0000000e+00   6.0000000e+01   0.0000000e+00   1.6600000e+02   6.6951216e+01   1.0000000e+00   6.4000000e+01   7.0000000e-01   1.0000000e+00   0.0000000e+00
   1.0000000e+00   7.3000000e+01   0.0000000e+00   1.5000000e+02   7.1691855e+01   1.0000000e+00   7.5000000e+01   1.0000000e+00   1.0000000e+00   1.0000000e+00
   1.0000000e+00   5.5000000e+01   0.0000000e+00   1.0700000e+02   7.0479588e+01   1.0000000e+00   6.8000000e+01   1.0000000e+00   1.0000000e+00   0.0000000e+00
   1.0000000e+00   6.8000000e+01   0.0000000e+00   1.5100000e+02   9.6750152e+01   1.0000000e+00   1.0000000e+02   1.3000000e+00   3.0000000e+00   1.0000000e+00
   1.0000000e+00   7.4000000e+01   1.0000000e+00   1.3800000e+02   5.3247523e+01   0.0000000e+00   5.1000000e+01   1.2000000e+00   1.0000000e+00   0.0000000e+00
   1.0000000e+00   7.7000000e+01   0.0000000e+00   1.5200000e+02   8.0714422e+01   1.0000000e+00   8.0000000e+01   1.1000000e+00   1.0000000e+00   0.0000000e+00
   0.0000000e+00   6.4000000e+01   0.0000000e+00   1.3200000e+02   7.2200915e+01   1.0000000e+00   7.4000000e+01   9.0000000e-01   1.0000000e+00   1.0000000e+00
   1.0000000e+00   6.2000000e+01   0.0000000e+00   1.1200000e+02   7.6415493e+01   0.0000000e+00   7.5000000e+01   1.2000000e+00   1.0000000e+00   0.0000000e+00
   1.0000000e+00   7.7000000e+01   0.0000000e+00   1.0200000e+02   6.3270479e+01   0.0000000e+00   6.0000000e+01   1.2000000e+00   1.0000000e+00   0.0000000e+00
   1.0000000e+00   8.4000000e+01   0.0000000e+00   1.9600000e+02   1.0153491e+02   1.0000000e+00   1.0400000e+02   2.6000000e+00   1.0000000e+00   1.0000000e+00
   0.0000000e+00   7.8000000e+01   0.0000000e+00   1.3500000e+02   7.0224046e+01   1.0000000e+00   7.2000000e+01   1.1000000e+00   1.0000000e+00   1.0000000e+00
   1.0000000e+00   5.6000000e+01   0.0000000e+00   1.6200000e+02   7.5513086e+01   1.0000000e+00   7.2000000e+01   1.0000000e+00   1.0000000e+00   0.0000000e+00
   1.0000000e+00   4.8000000e+01   0.0000000e+00   1.0600000e+02   8.9357679e+01   0.0000000e+00   8.7000000e+01   9.0000000e-01   1.0000000e+00   0.0000000e+00
   1.0000000e+00   5.0000000e+01   0.0000000e+00   1.4200000e+02   9.2850642e+01   1.0000000e+00   9.0000000e+01   8.0000000e-01   1.0000000e+00   0.0000000e+00
   0.0000000e+00   8.5000000e+01   1.0000000e+00   1.6000000e+02   6.7891984e+01   0.0000000e+00   7.0000000e+01   1.4000000e+00   2.0000000e+00   1.0000000e+00
   0.0000000e+00   6.7000000e+01   1.0000000e+00   1.0900000e+02   6.0693415e+01   0.0000000e+00   6.0000000e+01   1.3000000e+00   1.0000000e+00   0.0000000e+00
   1.0000000e+00   6.7000000e+01   0.0000000e+00   9.7000000e+01   6.4529918e+01   0.0000000e+00   6.6000000e+01   9.0000000e-01   1.0000000e+00   1.0000000e+00
   1.0000000e+00   7.0000000e+01   0.0000000e+00   1.3400000e+02   8.8936067e+01   1.0000000e+00   9.1000000e+01   1.1000000e+00   1.0000000e+00   1.0000000e+00
   1.0000000e+00   4.6000000e+01   1.0000000e+00   1.0600000e+02   8.7390372e+01   1.0000000e+00   8.5000000e+01   1.0000000e+00   1.0000000e+00   0.0000000e+00
   1.0000000e+00   7.6000000e+01   0.0000000e+00   1.4800000e+02   8.4557378e+01   0.0000000e+00   8.2000000e+01   1.1000000e+00   1.0000000e+00   0.0000000e+00
   1.0000000e+00   5.7000000e+01   0.0000000e+00   1.1900000e+02   9.2446846e+01   0.0000000e+00   9.1000000e+01   1.0000000e+00   1.0000000e+00   0.0000000e+00
   0.0000000e+00   7.2000000e+01   0.0000000e+00   1.1300000e+02   7.6884165e+01   1.0000000e+00   8.1000000e+01   9.0000000e-01   1.0000000e+00   1.0000000e+00
   1.0000000e+00   6.0000000e+01   0.0000000e+00   7.2000000e+01   6.6138013e+01   0.0000000e+00   6.4000000e+01   1.2000000e+00   1.0000000e+00   0.0000000e+00
   1.0000000e+00   5.0000000e+01   0.0000000e+00   9.9000000e+01   5.2371154e+01   0.0000000e+00   5.0000000e+01   9.0000000e-01   1.0000000e+00   0.0000000e+00
   1.0000000e+00   6.9000000e+01   0.0000000e+00   1.4000000e+02   6.6171032e+01   1.0000000e+00   6.8000000e+01   1.2000000e+00   1.0000000e+00   1.0000000e+00
   0.0000000e+00   7.5000000e+01   0.0000000e+00   1.4000000e+02   7.4233862e+01   1.0000000e+00   7.6000000e+01   1.1000000e+00   1.0000000e+00   1.0000000e+00
   1.0000000e+00   8.0000000e+01   0.0000000e+00   1.3700000e+02   9.0613289e+01   1.0000000e+00   9.3000000e+01   2.0000000e+00   3.0000000e+00   1.0000000e+00
   1.0000000e+00   5.0000000e+01   0.0000000e+00   1.1200000e+02   8.7025863e+01   1.0000000e+00   8.4000000e+01   1.0000000e+00   1.0000000e+00   0.0000000e+00
   1.0000000e+00   5.4000000e+01   0.0000000e+00   1.9200000e+02   9.7293427e+01   1.0000000e+00   9.5000000e+01   1.5000000e+00   1.0000000e+00   0.0000000e+00
   1.0000000e+00   5.4000000e+01   1.0000000e+00   9.4000000e+01   8.5706347e+01   1.0000000e+00   8.4000000e+01   1.1000000e+00   1.0000000e+00   0.0000000e+00
   1.0000000e+00   5.7000000e+01   0.0000000e+00   1.2300000e+02   6.3143174e+01   1.0000000e+00   6.1000000e+01   1.2000000e+00   1.0000000e+00   0.0000000e+00
   0.0000000e+00   5.5000000e+01   0.0000000e+00   1.0400000e+02   9.3104228e+01   0.0000000e+00   9.0000000e+01   9.0000000e-01   1.0000000e+00   0.0000000e+00
   1.0000000e+00   6.6000000e+01   0.0000000e+00   1.7400000e+02   5.7275932e+01   1.0000000e+00   5.5000000e+01   1.3000000e+00   1.0000000e+00   0.0000000e+00
   1.0000000e+00   6.4000000e+01   0.0000000e+00   1.3800000e+02   6.7611946e+01   1.0000000e+00   7.0000000e+01   1.0000000e+00   1.0000000e+00   1.0000000e+00
   1.0000000e+00   7.7000000e+01   0.0000000e+00   1.5000000e+02   1.2002599e+02   0.0000000e+00   1.2300000e+02   1.4000000e+00   3.0000000e+00   1.0000000e+00
   1.0000000e+00   8.8000000e+01   0.0000000e+00   1.7600000e+02   6.4238859e+01   1.0000000e+00   6.8000000e+01   1.4000000e+00   1.0000000e+00   1.0000000e+00
   1.0000000e+00   6.5000000e+01   0.0000000e+00   1.0500000e+02   5.0225812e+01   0.0000000e+00   4.8000000e+01   1.0000000e+00   1.0000000e+00   0.0000000e+00
   1.0000000e+00   4.9000000e+01   0.0000000e+00   1.3200000e+02   9.0856282e+01   1.0000000e+00   9.0000000e+01   1.0000000e+00   1.0000000e+00   0.0000000e+00
   1.0000000e+00   7.7000000e+01   0.0000000e+00   1.1400000e+02   6.2733199e+01   0.0000000e+00   6.2000000e+01   1.2000000e+00   1.0000000e+00   0.0000000e+00
   1.0000000e+00   7.0000000e+01   0.0000000e+00   1.4400000e+02   8.6708709e+01   1.0000000e+00   9.0000000e+01   1.9000000e+00   3.0000000e+00   1.0000000e+00
   1.0000000e+00   4.7000000e+01   0.0000000e+00   1.0600000e+02   8.4388339e+01   0.0000000e+00   8.6000000e+01   9.0000000e-01   3.0000000e+00   1.0000000e+00
   1.0000000e+00   7.7000000e+01   0.0000000e+00   1.4200000e+02   9.2649462e+01   0.0000000e+00   9.0000000e+01   1.1000000e+00   1.0000000e+00   0.0000000e+00
   1.0000000e+00   7.6000000e+01   0.0000000e+00   1.0500000e+02   5.1289963e+01   0.0000000e+00   5.0000000e+01   1.1000000e+00   1.0000000e+00   0.0000000e+00
   0.0000000e+00   5.1000000e+01   0.0000000e+00   1.1200000e+02   7.2016598e+01   0.0000000e+00   7.0000000e+01   9.0000000e-01   1.0000000e+00   0.0000000e+00
   1.0000000e+00   6.4000000e+01   0.0000000e+00   1.3100000e+02   8.3660360e+01   1.0000000e+00   8.1000000e+01   1.3000000e+00   1.0000000e+00   0.0000000e+00
   1.0000000e+00   5.2000000e+01   0.0000000e+00   1.3900000e+02   8.1871940e+01   1.0000000e+00   8.0000000e+01   1.0000000e+00   1.0000000e+00   0.0000000e+00
   1.0000000e+00   6.3000000e+01   0.0000000e+00   1.4700000e+02   6.9267984e+01   0.0000000e+00   6.6000000e+01   9.0000000e-01   1.0000000e+00   0.0000000e+00
   0.0000000e+00   7.6000000e+01   0.0000000e+00   1.5000000e+02   5.9111495e+01   1.0000000e+00   6.2000000e+01   9.0000000e-01   1.0000000e+00   1.0000000e+00
   0.0000000e+00   6.2000000e+01   0.0000000e+00   1.0400000e+02   5.6916508e+01   0.0000000e+00   5.6000000e+01   9.0000000e-01   1.0000000e+00   0.0000000e+00
   1.0000000e+00   6.7000000e+01   0.0000000e+00   1.4600000e+02   8.6299626e+01   0.0000000e+00   8.4000000e+01   1.0000000e+00   1.0000000e+00   0.0000000e+00
   1.0000000e+00   8.8000000e+01   0.0000000e+00   1.2200000e+02   5.5751194e+01   1.0000000e+00   5.8000000e+01   1.6000000e+00   1.0000000e+00   1.0000000e+00
   0.0000000e+00   7.5000000e+01   0.0000000e+00   2.0400000e+02   1.1540132e+02   1.0000000e+00   1.1700000e+02   1.0000000e+00   1.0000000e+00   1.0000000e+00
   0.0000000e+00   5.4000000e+01   0.0000000e+00   1.0600000e+02   8.3918190e+01   0.0000000e+00   8.3000000e+01   1.0000000e+00   1.0000000e+00   0.0000000e+00
   1.0000000e+00   8.2000000e+01   0.0000000e+00   1.8000000e+02   7.7955904e+01   1.0000000e+00   8.0000000e+01   1.3000000e+00   2.0000000e+00   1.0000000e+00
   1.0000000e+00   5.5000000e+01   0.0000000e+00   9.5000000e+01   6.1422809e+01   0.0000000e+00   5.9000000e+01   1.2000000e+00   1.0000000e+00   0.0000000e+00
   0.0000000e+00   5.8000000e+01   0.0000000e+00   8.5000000e+01   6.7638564e+01   1.0000000e+00   6.7000000e+01   8.0000000e-01   1.0000000e+00   0.0000000e+00
   1.0000000e+00   4.5000000e+01   0.0000000e+00   1.1200000e+02   7.8895016e+01   0.0000000e+00   7.6000000e+01   1.1000000e+00   1.0000000e+00   0.0000000e+00
   1.0000000e+00   5.4000000e+01   1.0000000e+00   1.1200000e+02   9.2834202e+01   1.0000000e+00   9.0000000e+01   9.0000000e-01   1.0000000e+00   0.0000000e+00
   1.0000000e+00   7.5000000e+01   0.0000000e+00   1.1300000e+02   6.9476191e+01   0.0000000e+00   7.2000000e+01   1.2000000e+00   1.0000000e+00   1.0000000e+00
   1.0000000e+00   6.6000000e+01   1.0000000e+00   1.3100000e+02   6.8954772e+01   1.0000000e+00   6.7000000e+01   1.1000000e+00   1.0000000e+00   0.0000000e+00
   1.0000000e+00   6.4000000e+01   1.0000000e+00   1.0200000e+02   6.4661506e+01   1.0000000e+00   6.8000000e+01   1.4000000e+00   1.0000000e+00   1.0000000e+00
   0.0000000e+00   6.0000000e+01   0.0000000e+00   1.0100000e+02   7.1291928e+01   1.0000000e+00   7.4000000e+01   9.0000000e-01   1.0000000e+00   1.0000000e+00
   1.0000000e+00   5.5000000e+01   0.0000000e+00   1.1100000e+02   6.6364332e+01   0.0000000e+00   6.4000000e+01   1.2000000e+00   1.0000000e+00   0.0000000e+00
   1.0000000e+00   5.8000000e+01   0.0000000e+00   9.9000000e+01   4.4773704e+01   0.0000000e+00   4.9000000e+01   2.0000000e+00   1.0000000e+00   1.0000000e+00
   1.0000000e+00   8.8000000e+01   0.0000000e+00   1.4400000e+02   5.3943912e+01   1.0000000e+00   5.8000000e+01   1.6000000e+00   1.0000000e+00   1.0000000e+00
   1.0000000e+00   3.8000000e+01   1.0000000e+00   7.4000000e+01   8.1426863e+01   1.0000000e+00   7.8000000e+01   1.0000000e+00   1.0000000e+00   0.0000000e+00
   1.0000000e+00   7.1000000e+01   0.0000000e+00   1.4500000e+02   7.6786376e+01   0.0000000e+00   7.4000000e+01   1.4000000e+00   1.0000000e+00   0.0000000e+00
   1.0000000e+00   7.1000000e+01   0.0000000e+00   1.6200000e+02   8.0921432e+01   0.0000000e+00   8.0000000e+01   1.1000000e+00   1.0000000e+00   0.0000000e+00
   1.0000000e+00   8.0000000e+01   1.0000000e+00   1.8400000e+02   8.7455438e+01   0.0000000e+00   8.6000000e+01   1.2000000e+00   1.0000000e+00   0.0000000e+00
   1.0000000e+00   7.7000000e+01   1.0000000e+00   1.5000000e+02   9.9610628e+01   1.0000000e+00   1.0200000e+02   4.4000000e+00   1.0000000e+00   1.0000000e+00
   1.0000000e+00   6.6000000e+01   0.0000000e+00   2.0000000e+02   8.7965524e+01   1.0000000e+00   9.0000000e+01   1.9000000e+00   2.0000000e+00   1.0000000e+00
   1.0000000e+00   5.0000000e+01   0.0000000e+00   1.2400000e+02   8.2005274e+01   1.0000000e+00   8.1000000e+01   1.0000000e+00   1.0000000e+00   0.0000000e+00
   1.0000000e+00   5.2000000e+01   0.0000000e+00   1.2300000e+02   1.1084114e+02   1.0000000e+00   1.0800000e+02   1.0000000e+00   1.0000000e+00   0.0000000e+00
   0.0000000e+00   6.5000000e+01   0.0000000e+00   1.2100000e+02   7.2633240e+01   0.0000000e+00   7.0000000e+01   8.0000000e-01   1.0000000e+00   0.0000000e+00
   1.0000000e+00   6.7000000e+01   1.0000000e+00   1.3200000e+02   7.6242907e+01   1.0000000e+00   7.4000000e+01   1.3000000e+00   1.0000000e+00   0.0000000e+00
   1.0000000e+00   5.2000000e+01   0.0000000e+00   1.3200000e+02   9.1250467e+01   0.0000000e+00   9.0000000e+01   1.3000000e+00   1.0000000e+00   0.0000000e+00
   1.0000000e+00   6.4000000e+01   0.0000000e+00   1.6200000e+02   9.6145334e+01   1.0000000e+00   9.5000000e+01   1.0000000e+00   1.0000000e+00   0.0000000e+00
   1.0000000e+00   6.4000000e+01   0.0000000e+00   1.3700000e+02   6.1859413e+01   1.0000000e+00   6.5000000e+01   1.0000000e+00   1.0000000e+00   1.0000000e+00
   0.0000000e+00   8.1000000e+01   0.0000000e+00   1.7000000e+02   7.6926750e+01   1.0000000e+00   8.0000000e+01   1.0000000e+00   1.0000000e+00   1.0000000e+00
   0.0000000e+00   8.6000000e+01   0.0000000e+00   1.5300000e+02   5.8760731e+01   0.0000000e+00   5.7000000e+01   1.2000000e+00   1.0000000e+00   0.0000000e+00
   1.0000000e+00   6.8000000e+01   0.0000000e+00   1.3300000e+02   5.7568924e+01   1.0000000e+00   5.6000000e+01   1.1000000e+00   1.0000000e+00   0.0000000e+00
   1.0000000e+00   6.8000000e+01   0.0000000e+00   1.4800000e+02   8.4284468e+01   1.0000000e+00   8.3000000e+01   1.6000000e+00   1.0000000e+00   0.0000000e+00
   1.0000000e+00   6.4000000e+01   0.0000000e+00   1.4100000e+02   9.4791592e+01   1.0000000e+00   9.7000000e+01   9.0000000e-01   1.0000000e+00   1.0000000e+00
   1.0000000e+00   6.8000000e+01   0.0000000e+00   7.2000000e+01   7.3395493e+01   0.0000000e+00   7.0000000e+01   9.0000000e-01   1.0000000e+00   0.0000000e+00
   1.0000000e+00   6.9000000e+01   0.0000000e+00   1.4200000e+02   7.2863505e+01   1.0000000e+00   7.0000000e+01   1.0000000e+00   1.0000000e+00   0.0000000e+00
   1.0000000e+00   6.4000000e+01   1.0000000e+00   1.4700000e+02   7.6543007e+01   1.0000000e+00   7.9000000e+01   1.1000000e+00   3.0000000e+00   1.0000000e+00
   1.0000000e+00   7.6000000e+01   1.0000000e+00   1.8000000e+02   9.1087262e+01   1.0000000e+00   9.5000000e+01   1.1000000e+00   1.0000000e+00   1.0000000e+00
   1.0000000e+00   5.7000000e+01   0.0000000e+00   1.0200000e+02   7.0733417e+01   1.0000000e+00   6.8000000e+01   1.2000000e+00   1.0000000e+00   0.0000000e+00
   1.0000000e+00   5.1000000e+01   1.0000000e+00   1.2500000e+02   6.3535860e+01   0.0000000e+00   6.2000000e+01   1.2000000e+00   1.0000000e+00   0.0000000e+00
   1.0000000e+00   7.1000000e+01   1.0000000e+00   1.2400000e+02   6.7719435e+01   1.0000000e+00   7.0000000e+01   2.0000000e+00   1.0000000e+00   1.0000000e+00
   1.0000000e+00   7.9000000e+01   0.0000000e+00   1.6300000e+02   6.9568716e+01   1.0000000e+00   6.8000000e+01   1.2000000e+00   1.0000000e+00   0.0000000e+00
   0.0000000e+00   4.9000000e+01   0.0000000e+00   1.0600000e+02   7.7296802e+01   0.0000000e+00   7.5000000e+01   7.0000000e-01   1.0000000e+00   0.0000000e+00
   1.0000000e+00   4.7000000e+01   0.0000000e+00   9.9000000e+01   5.6766609e+01   0.0000000e+00   5.6000000e+01   9.0000000e-01   1.0000000e+00   0.0000000e+00
   1.0000000e+00   6.3000000e+01   0.0000000e+00   1.6600000e+02   7.2400727e+01   1.0000000e+00   7.1000000e+01   1.5000000e+00   1.0000000e+00   0.0000000e+00
   1.0000000e+00   5.7000000e+01   0.0000000e+00   1.0200000e+02   6.4583161e+01   0.0000000e+00   6.4000000e+01   1.2000000e+00   1.0000000e+00   0.0000000e+00
   1.0000000e+00   7.5000000e+01   0.0000000e+00   1.2900000e+02   8.1715215e+01   1.0000000e+00   8.6000000e+01   1.2000000e+00   1.0000000e+00   1.0000000e+00
   1.0000000e+00   7.7000000e+01   0.0000000e+00   1.3600000e+02   4.7781423e+01   0.0000000e+00   5.0000000e+01   1.4000000e+00   2.0000000e+00   1.0000000e+00
   1.0000000e+00   8.2000000e+01   0.0000000e+00   1.4700000e+02   8.3488605e+01   0.0000000e+00   8.0000000e+01   9.0000000e-01   1.0000000e+00   0.0000000e+00
   1.0000000e+00   7.5000000e+01   0.0000000e+00   1.4800000e+02   7.4998629e+01   1.0000000e+00   7.7000000e+01   1.2000000e+00   1.0000000e+00   1.0000000e+00
   1.0000000e+00   5.3000000e+01   0.0000000e+00   9.0000000e+01   6.4987975e+01   0.0000000e+00   6.4000000e+01   1.0000000e+00   1.0000000e+00   0.0000000e+00
   1.0000000e+00   4.5000000e+01   1.0000000e+00   8.8000000e+01   6.2369314e+01   0.0000000e+00   6.1000000e+01   1.2000000e+00   1.0000000e+00   0.0000000e+00
   1.0000000e+00   6.1000000e+01   0.0000000e+00   1.1400000e+02   6.2597679e+01   1.0000000e+00   6.6000000e+01   1.0000000e+00   1.0000000e+00   1.0000000e+00
   0.0000000e+00   5.7000000e+01   1.0000000e+00   1.2000000e+02   7.9405305e+01   1.0000000e+00   7.6000000e+01   1.1000000e+00   1.0000000e+00   0.0000000e+00
   0.0000000e+00   5.3000000e+01   0.0000000e+00   1.2800000e+02   6.5515155e+01   0.0000000e+00   6.2000000e+01   1.0000000e+00   1.0000000e+00   0.0000000e+00
   1.0000000e+00   4.8000000e+01   0.0000000e+00   8.6000000e+01   6.5338472e+01   0.0000000e+00   6.3000000e+01   2.2000000e+00   1.0000000e+00   0.0000000e+00
   1.0000000e+00   5.6000000e+01   0.0000000e+00   1.0900000e+02   7.0947644e+01   1.0000000e+00   7.3000000e+01   1.1000000e+00   2.0000000e+00   1.0000000e+00
   1.0000000e+00   6.8000000e+01   0.0000000e+00   1.4700000e+02   6.0106228e+01   0.0000000e+00   5.8000000e+01   1.3000000e+00   1.0000000e+00   0.0000000e+00
   1.0000000e+00   4.8000000e+01   1.0000000e+00   1.2200000e+02   8.4742721e+01   0.0000000e+00   8.2000000e+01   1.0000000e+00   1.0000000e+00   0.0000000e+00
   1.0000000e+00   4.6000000e+01   0.0000000e+00   8.5000000e+01   1.1175333e+02   0.0000000e+00   1.1500000e+02   1.1000000e+00   3.0000000e+00   1.0000000e+00
   1.0000000e+00   7.3000000e+01   0.0000000e+00   1.4700000e+02   8.3708158e+01   1.0000000e+00   8.6000000e+01   1.1000000e+00   1.0000000e+00   1.0000000e+00
   1.0000000e+00   7.7000000e+01   0.0000000e+00   1.2300000e+02   6.1935722e+01   1.0000000e+00   6.4000000e+01   1.2000000e+00   1.0000000e+00   1.0000000e+00
   0.0000000e+00   6.1000000e+01   0.0000000e+00   1.2200000e+02   5.9152301e+01   0.0000000e+00   5.7000000e+01   8.0000000e-01   2.0000000e+00   0.0000000e+00
   1.0000000e+00   5.1000000e+01   0.0000000e+00   1.1700000e+02   5.6282868e+01   0.0000000e+00   5.3000000e+01   9.0000000e-01   1.0000000e+00   0.0000000e+00
   0.0000000e+00   6.3000000e+01   0.0000000e+00   1.1700000e+02   7.9957894e+01   0.0000000e+00   7.7000000e+01   1.0000000e+00   1.0000000e+00   0.0000000e+00
   0.0000000e+00   7.4000000e+01   0.0000000e+00   1.4000000e+02   5.4185315e+01   0.0000000e+00   5.2000000e+01   1.5000000e+00   1.0000000e+00   0.0000000e+00
   1.0000000e+00   5.1000000e+01   0.0000000e+00   1.1500000e+02   6.6994826e+01   1.0000000e+00   6.4000000e+01   1.0000000e+00   1.0000000e+00   0.0000000e+00
   1.0000000e+00   6.4000000e+01   1.0000000e+00   1.2000000e+02   5.2840717e+01   1.0000000e+00   5.5000000e+01   1.0000000e+00   1.0000000e+00   1.0000000e+00
   1.0000000e+00   4.7000000e+01   0.0000000e+00   9.6000000e+01   6.2143014e+01   0.0000000e+00   6.1000000e+01   1.0000000e+00   1.0000000e+00   0.0000000e+00
   1.0000000e+00   6.4000000e+01   0.0000000e+00   1.8200000e+02   6.7698812e+01   1.0000000e+00   6.5000000e+01   7.0000000e-01   2.0000000e+00   0.0000000e+00
   0.0000000e+00   7.6000000e+01   0.0000000e+00   1.6000000e+02   7.1837444e+01   1.0000000e+00   7.4000000e+01   4.2000000e+00   1.0000000e+00   1.0000000e+00
   1.0000000e+00   6.8000000e+01   0.0000000e+00   1.4000000e+02   4.2378253e+01   1.0000000e+00   4.4000000e+01   1.1000000e+00   1.0000000e+00   1.0000000e+00
   1.0000000e+00   5.1000000e+01   0.0000000e+00   1.1700000e+02   6.5299968e+01   0.0000000e+00   6.2000000e+01   1.0000000e+00   1.0000000e+00   0.0000000e+00
   1.0000000e+00   6.6000000e+01   0.0000000e+00   1.6200000e+02   8.1774677e+01   0.0000000e+00   8.0000000e+01   1.2000000e+00   1.0000000e+00   0.0000000e+00
   1.0000000e+00   5.7000000e+01   0.0000000e+00   1.4000000e+02   8.6231702e+01   0.0000000e+00   8.3000000e+01   1.1000000e+00   1.0000000e+00   0.0000000e+00
   1.0000000e+00   8.0000000e+01   0.0000000e+00   1.1200000e+02   6.3841961e+01   0.0000000e+00   6.7000000e+01   2.0000000e+00   2.0000000e+00   1.0000000e+00
   1.0000000e+00   5.5000000e+01   0.0000000e+00   1.3000000e+02   7.0522655e+01   0.0000000e+00   6.8000000e+01   1.3000000e+00   1.0000000e+00   0.0000000e+00
   1.0000000e+00   7.9000000e+01   0.0000000e+00   1.1800000e+02   7.6945401e+01   0.0000000e+00   7.9000000e+01   1.0000000e+00   1.0000000e+00   1.0000000e+00
   1.0000000e+00   6.2000000e+01   0.0000000e+00   1.1200000e+02   7.1419251e+01   0.0000000e+00   6.8000000e+01   3.3000000e+00   1.0000000e+00   0.0000000e+00
   1.0000000e+00   7.2000000e+01   1.0000000e+00   1.2700000e+02   7.5893490e+01   1.0000000e+00   7.9000000e+01   2.7000000e+00   2.0000000e+00   1.0000000e+00
   0.0000000e+00   7.7000000e+01   1.0000000e+00   1.6900000e+02   6.9453565e+01   0.0000000e+00   6.8000000e+01   9.0000000e-01   1.0000000e+00   0.0000000e+00
   1.0000000e+00   5.4000000e+01   1.0000000e+00   1.1600000e+02   8.0581227e+01   1.0000000e+00   8.4000000e+01   1.0000000e+00   1.0000000e+00   1.0000000e+00
   1.0000000e+00   6.4000000e+01   1.0000000e+00   1.0300000e+02   4.7627776e+01   1.0000000e+00   5.1000000e+01   9.0000000e-01   1.0000000e+00   1.0000000e+00
   1.0000000e+00   8.0000000e+01   0.0000000e+00   1.8800000e+02   7.0838575e+01   1.0000000e+00   7.4000000e+01   2.5000000e+00   1.0000000e+00   1.0000000e+00
   1.0000000e+00   6.7000000e+01   0.0000000e+00   1.0900000e+02   6.0135754e+01   0.0000000e+00   5.9000000e+01   1.2000000e+00   1.0000000e+00   0.0000000e+00
   1.0000000e+00   5.7000000e+01   0.0000000e+00   1.3500000e+02   8.2054313e+01   1.0000000e+00   8.0000000e+01   1.3000000e+00   1.0000000e+00   0.0000000e+00
   1.0000000e+00   5.6000000e+01   1.0000000e+00   1.5200000e+02   8.7526744e+01   0.0000000e+00   8.5000000e+01   1.3000000e+00   3.0000000e+00   0.0000000e+00
   1.0000000e+00   6.4000000e+01   0.0000000e+00   1.2200000e+02   5.5321489e+01   0.0000000e+00   5.2000000e+01   1.0000000e+00   1.0000000e+00   0.0000000e+00
   1.0000000e+00   5.4000000e+01   0.0000000e+00   9.9000000e+01   6.4333966e+01   0.0000000e+00   6.2000000e+01   1.0000000e+00   1.0000000e+00   0.0000000e+00
   1.0000000e+00   7.6000000e+01   0.0000000e+00   1.4000000e+02   7.0151327e+01   1.0000000e+00   7.4000000e+01   1.1000000e+00   1.0000000e+00   1.0000000e+00
   1.0000000e+00   4.9000000e+01   0.0000000e+00   8.2000000e+01   7.7070077e+01   1.0000000e+00   7.4000000e+01   1.1000000e+00   1.0000000e+00   0.0000000e+00
   0.0000000e+00   7.1000000e+01   1.0000000e+00   1.0900000e+02   7.9008377e+01   0.0000000e+00   7.7000000e+01   8.0000000e-01   1.0000000e+00   0.0000000e+00
   0.0000000e+00   7.1000000e+01   0.0000000e+00   1.4400000e+02   7.6015193e+01   1.0000000e+00   7.8000000e+01   8.0000000e-01   1.0000000e+00   1.0000000e+00
   1.0000000e+00   5.8000000e+01   0.0000000e+00   1.5400000e+02   7.3087650e+01   1.0000000e+00   7.0000000e+01   1.3000000e+00   1.0000000e+00   0.0000000e+00
   1.0000000e+00   3.6000000e+01   0.0000000e+00   9.6000000e+01   7.9725037e+01   0.0000000e+00   7.8000000e+01   9.0000000e-01   1.0000000e+00   0.0000000e+00
   0.0000000e+00   4.8000000e+01   0.0000000e+00   1.1200000e+02   8.2432907e+01   0.0000000e+00   8.0000000e+01   9.0000000e-01   1.0000000e+00   0.0000000e+00
   1.0000000e+00   5.8000000e+01   0.0000000e+00   1.2400000e+02   5.2926711e+01   0.0000000e+00   5.2000000e+01   1.4000000e+00   1.0000000e+00   0.0000000e+00
   1.0000000e+00   6.0000000e+01   0.0000000e+00   1.3100000e+02   5.5095341e+01   0.0000000e+00   5.3000000e+01   1.4000000e+00   1.0000000e+00   0.0000000e+00
   1.0000000e+00   7.5000000e+01   0.0000000e+00   1.4000000e+02   7.4352503e+01   1.0000000e+00   7.8000000e+01   1.1500000e+01   1.0000000e+00   1.0000000e+00
   1.0000000e+00   8.8000000e+01   0.0000000e+00   1.5100000e+02   5.2657570e+01   0.0000000e+00   5.2000000e+01   1.0000000e+00   1.0000000e+00   0.0000000e+00
   1.0000000e+00   5.8000000e+01   0.0000000e+00   1.0100000e+02   1.1441438e+02   0.0000000e+00   1.1300000e+02   1.0000000e+00   1.0000000e+00   0.0000000e+00
   1.0000000e+00   6.8000000e+01   0.0000000e+00   1.5200000e+02   7.2439462e+01   0.0000000e+00   7.0000000e+01   1.2000000e+00   1.0000000e+00   0.0000000e+00
   1.0000000e+00   5.5000000e+01   0.0000000e+00   1.3000000e+02   7.6312630e+01   0.0000000e+00   7.5000000e+01   1.3000000e+00   1.0000000e+00   0.0000000e+00
   0.0000000e+00   7.1000000e+01   0.0000000e+00   1.5000000e+02   8.7484282e+01   1.0000000e+00   8.9000000e+01   8.0000000e-01   2.0000000e+00   1.0000000e+00
   1.0000000e+00   6.3000000e+01   0.0000000e+00   1.3200000e+02   6.4798259e+01   1.0000000e+00   6.8000000e+01   1.1000000e+00   1.0000000e+00   1.0000000e+00
   1.0000000e+00   6.5000000e+01   0.0000000e+00   1.5700000e+02   5.7243823e+01   1.0000000e+00   6.1000000e+01   1.2000000e+00   1.0000000e+00   1.0000000e+00
   1.0000000e+00   5.5000000e+01   1.0000000e+00   1.6800000e+02   5.2958895e+01   0.0000000e+00   5.2000000e+01   1.1000000e+00   1.0000000e+00   0.0000000e+00
   0.0000000e+00   5.7000000e+01   1.0000000e+00   1.4200000e+02   6.2915863e+01   1.0000000e+00   6.0000000e+01   8.0000000e-01   1.0000000e+00   0.0000000e+00
   1.0000000e+00   7.5000000e+01   0.0000000e+00   1.3500000e+02   8.0235078e+01   1.0000000e+00   8.3000000e+01   1.1000000e+00   1.0000000e+00   1.0000000e+00
   1.0000000e+00   7.4000000e+01   0.0000000e+00   1.6900000e+02   6.3449048e+01   0.0000000e+00   6.0000000e+01   9.0000000e-01   1.0000000e+00   0.0000000e+00
   0.0000000e+00   8.3000000e+01   0.0000000e+00   1.5000000e+02   6.1718997e+01   1.0000000e+00   6.6000000e+01   8.0000000e-01   1.0000000e+00   1.0000000e+00
   1.0000000e+00   7.1000000e+01   0.0000000e+00   1.1300000e+02   8.4790578e+01   0.0000000e+00   8.2000000e+01   1.3000000e+00   1.0000000e+00   0.0000000e+00
   1.0000000e+00   5.6000000e+01   0.0000000e+00   1.2200000e+02   6.1614196e+01   0.0000000e+00   6.1000000e+01   1.0000000e+00   1.0000000e+00   0.0000000e+00
   1.0000000e+00   6.4000000e+01   0.0000000e+00   9.2000000e+01   6.5665608e+01   0.0000000e+00   6.4000000e+01   1.0000000e+00   1.0000000e+00   0.0000000e+00
   1.0000000e+00   7.4000000e+01   0.0000000e+00   1.6100000e+02   9.1513330e+01   0.0000000e+00   9.0000000e+01   1.0000000e+00   1.0000000e+00   0.0000000e+00
   1.0000000e+00   7.3000000e+01   0.0000000e+00   1.5500000e+02   8.1846746e+01   1.0000000e+00   8.6000000e+01   9.0000000e-01   1.0000000e+00   1.0000000e+00
   1.0000000e+00   5.3000000e+01   1.0000000e+00   1.4200000e+02   7.8894701e+01   1.0000000e+00   7.6000000e+01   1.0000000e+00   1.0000000e+00   0.0000000e+00
   1.0000000e+00   4.2000000e+01   0.0000000e+00   1.1700000e+02   9.0022925e+01   0.0000000e+00   8.7000000e+01   1.0900000e+01   1.0000000e+00   0.0000000e+00
   1.0000000e+00   4.8000000e+01   0.0000000e+00   1.1000000e+02   8.6520734e+01   0.0000000e+00   8.4000000e+01   1.0000000e+00   1.0000000e+00   0.0000000e+00
   1.0000000e+00   6.7000000e+01   0.0000000e+00   1.4500000e+02   4.4585388e+01   1.0000000e+00   4.9000000e+01   2.2000000e+00   1.0000000e+00   1.0000000e+00
   0.0000000e+00   7.1000000e+01   0.0000000e+00   1.8000000e+02   8.1539120e+01   0.0000000e+00   7.8000000e+01   9.0000000e-01   1.0000000e+00   0.0000000e+00
   0.0000000e+00   7.4000000e+01   0.0000000e+00   9.2000000e+01   5.3403299e+01   0.0000000e+00   5.0000000e+01   1.0000000e+00   1.0000000e+00   0.0000000e+00
   1.0000000e+00   4.8000000e+01   0.0000000e+00   1.5200000e+02   6.3998001e+01   1.0000000e+00   6.2000000e+01   1.5000000e+00   1.0000000e+00   0.0000000e+00
   1.0000000e+00   4.9000000e+01   0.0000000e+00   8.2000000e+01   6.1006363e+01   0.0000000e+00   6.0000000e+01   1.0000000e+00   1.0000000e+00   0.0000000e+00
   1.0000000e+00   5.4000000e+01   0.0000000e+00   8.4000000e+01   4.8883582e+01   1.0000000e+00   4.8000000e+01   1.0000000e+00   1.0000000e+00   0.0000000e+00
   1.0000000e+00   6.4000000e+01   0.0000000e+00   1.0200000e+02   5.0876981e+01   0.0000000e+00   5.0000000e+01   1.1000000e+00   1.0000000e+00   0.0000000e+00
   0.0000000e+00   7.5000000e+01   0.0000000e+00   1.6800000e+02   9.1511249e+01   1.0000000e+00   8.8000000e+01   8.0000000e-01   1.0000000e+00   0.0000000e+00
   1.0000000e+00   7.5000000e+01   0.0000000e+00   1.2400000e+02   5.8402767e+01   0.0000000e+00   5.6000000e+01   1.1000000e+00   1.0000000e+00   0.0000000e+00
   1.0000000e+00   6.6000000e+01   0.0000000e+00   1.1400000e+02   7.1540347e+01   0.0000000e+00   6.9000000e+01   9.0000000e-01   1.0000000e+00   0.0000000e+00
   1.0000000e+00   7.3000000e+01   0.0000000e+00   1.7100000e+02   5.7241521e+01   1.0000000e+00   6.0000000e+01   1.1000000e+00   1.0000000e+00   1.0000000e+00
   0.0000000e+00   7.4000000e+01   1.0000000e+00   1.6000000e+02   1.0273617e+02   1.0000000e+00   1.0700000e+02   1.2000000e+00   2.0000000e+00   1.0000000e+00
   1.0000000e+00   6.2000000e+01   0.0000000e+00   1.1000000e+02   6.8261307e+01   0.0000000e+00   6.7000000e+01   1.3000000e+00   1.0000000e+00   0.0000000e+00
   1.0000000e+00   5.9000000e+01   0.0000000e+00   9.5000000e+01   5.5053241e+01   0.0000000e+00   5.3000000e+01   1.3000000e+00   1.0000000e+00   0.0000000e+00
   1.0000000e+00   7.9000000e+01   0.0000000e+00   1.2200000e+02   6.4194428e+01   1.0000000e+00   6.7000000e+01   8.5000000e+00   1.0000000e+00   1.0000000e+00
   1.0000000e+00   7.4000000e+01   0.0000000e+00   1.0900000e+02   4.6693102e+01   1.0000000e+00   5.0000000e+01   1.0000000e+00   1.0000000e+00   1.0000000e+00
   1.0000000e+00   5.5000000e+01   0.0000000e+00   8.5000000e+01   8.7327247e+01   0.0000000e+00   8.5000000e+01   1.3000000e+00   1.0000000e+00   0.0000000e+00
   1.0000000e+00   6.6000000e+01   0.0000000e+00   1.4200000e+02   7.2836530e+01   1.0000000e+00   7.0000000e+01   1.2000000e+00   1.0000000e+00   0.0000000e+00
   0.0000000e+00   6.2000000e+01   0.0000000e+00   1.3000000e+02   9.3926041e+01   0.0000000e+00   9.1000000e+01   9.0000000e-01   1.0000000e+00   0.0000000e+00
   1.0000000e+00   4.2000000e+01   0.0000000e+00   9.0000000e+01   7.9677369e+01   1.0000000e+00   7.7000000e+01   8.0000000e-01   1.0000000e+00   0.0000000e+00
   1.0000000e+00   6.4000000e+01   0.0000000e+00   1.1500000e+02   9.0065226e+01   0.0000000e+00   9.4000000e+01   8.0000000e-01   1.0000000e+00   1.0000000e+00
   0.0000000e+00   7.1000000e+01   1.0000000e+00   1.4700000e+02   6.3204246e+01   0.0000000e+00   6.0000000e+01   9.0000000e-01   2.0000000e+00   0.0000000e+00
   0.0000000e+00   5.1000000e+01   1.0000000e+00   1.1200000e+02   8.0915769e+01   0.0000000e+00   8.0000000e+01   9.0000000e-01   1.0000000e+00   0.0000000e+00
   1.0000000e+00   7.5000000e+01   1.0000000e+00   1.6000000e+02   1.2659354e+02   1.0000000e+00   1.3000000e+02   1.2000000e+00   2.0000000e+00   1.0000000e+00
   1.0000000e+00   6.3000000e+01   0.0000000e+00   1.4900000e+02   5.7188035e+01   0.0000000e+00   5.5000000e+01   8.0000000e-01   1.0000000e+00   0.0000000e+00
   1.0000000e+00   5.6000000e+01   0.0000000e+00   1.1100000e+02   6.2535184e+01   1.0000000e+00   6.0000000e+01   9.0000000e-01   1.0000000e+00   0.0000000e+00
   0.0000000e+00   6.7000000e+01   0.0000000e+00   1.8600000e+02   9.2911016e+01   1.0000000e+00   9.6000000e+01   5.6000000e+00   1.0000000e+00   1.0000000e+00
   1.0000000e+00   5.2000000e+01   0.0000000e+00   1.1700000e+02   7.2654481e+01   0.0000000e+00   7.1000000e+01   1.1000000e+00   1.0000000e+00   0.0000000e+00
   0.0000000e+00   6.6000000e+01   0.0000000e+00   9.5000000e+01   6.5953658e+01   0.0000000e+00   6.3000000e+01   1.0000000e+00   1.0000000e+00   0.0000000e+00
   1.0000000e+00   5.4000000e+01   0.0000000e+00   1.2000000e+02   9.9498683e+01   1.0000000e+00   1.0200000e+02   7.0000000e-01   2.0000000e+00   1.0000000e+00
   1.0000000e+00   7.4000000e+01   0.0000000e+00   2.0200000e+02   1.5139776e+02   1.0000000e+00   1.5300000e+02   1.1000000e+00   3.0000000e+00   1.0000000e+00
   1.0000000e+00   4.9000000e+01   0.0000000e+00   1.5300000e+02   9.6060591e+01   1.0000000e+00   9.3000000e+01   8.0000000e-01   1.0000000e+00   0.0000000e+00
   1.0000000e+00   5.9000000e+01   0.0000000e+00   1.8200000e+02   8.4718706e+01   1.0000000e+00   8.4000000e+01   1.2000000e+00   1.0000000e+00   0.0000000e+00
   1.0000000e+00   7.5000000e+01   0.0000000e+00   1.5200000e+02   5.2742393e+01   1.0000000e+00   5.5000000e+01   1.1000000e+00   1.0000000e+00   1.0000000e+00
   1.0000000e+00   7.2000000e+01   0.0000000e+00   1.2500000e+02   8.6203241e+01   1.0000000e+00   8.9000000e+01   1.3000000e+00   1.0000000e+00   1.0000000e+00
   1.0000000e+00   7.4000000e+01   0.0000000e+00   1.7000000e+02   9.3837700e+01   1.0000000e+00   9.8000000e+01   9.0000000e-01   1.0000000e+00   1.0000000e+00
   1.0000000e+00   5.1000000e+01   0.0000000e+00   1.3200000e+02   5.8519232e+01   1.0000000e+00   5.6000000e+01   1.0000000e+00   1.0000000e+00   0.0000000e+00
   1.0000000e+00   7.7000000e+01   0.0000000e+00   1.1100000e+02   9.6399977e+01   0.0000000e+00   9.8000000e+01   1.3000000e+00   1.0000000e+00   1.0000000e+00
   1.0000000e+00   7.1000000e+01   0.0000000e+00   1.4200000e+02   6.1461816e+01   0.0000000e+00   6.0000000e+01   1.0000000e+00   1.0000000e+00   0.0000000e+00
   0.0000000e+00   6.6000000e+01   0.0000000e+00   1.4200000e+02   9.3395406e+01   0.0000000e+00   9.1000000e+01   1.1000000e+00   1.0000000e+00   0.0000000e+00
   0.0000000e+00   8.3000000e+01   0.0000000e+00   1.5300000e+02   7.5803314e+01   1.0000000e+00   7.8000000e+01   1.1000000e+00   1.0000000e+00   1.0000000e+00
   0.0000000e+00   6.2000000e+01   0.0000000e+00   1.4800000e+02   8.1697923e+01   0.0000000e+00   8.0000000e+01   1.2000000e+00   1.0000000e+00   0.0000000e+00
   1.0000000e+00   5.5000000e+01   0.0000000e+00   1.2100000e+02   5.2070415e+01   1.0000000e+00   5.0000000e+01   1.3000000e+00   1.0000000e+00   0.0000000e+00
   0.0000000e+00   4.4000000e+01   0.0000000e+00   1.0200000e+02   7.4323686e+01   0.0000000e+00   7.3000000e+01   7.0000000e-01   1.0000000e+00   0.0000000e+00
   1.0000000e+00   7.4000000e+01   0.0000000e+00   1.3300000e+02   5.9888172e+01   1.0000000e+00   6.3000000e+01   1.3000000e+00   1.0000000e+00   1.0000000e+00
   0.0000000e+00   6.8000000e+01   0.0000000e+00   1.7200000e+02   8.0995107e+01   1.0000000e+00   7.8000000e+01   1.3000000e+00   1.0000000e+00   0.0000000e+00
   1.0000000e+00   5.9000000e+01   0.0000000e+00   1.1800000e+02   8.5493368e+01   1.0000000e+00   8.2000000e+01   9.0000000e-01   1.0000000e+00   0.0000000e+00
   1.0000000e+00   5.5000000e+01   0.0000000e+00   1.2900000e+02   7.5871121e+01   1.0000000e+00   7.4000000e+01   9.0000000e-01   1.0000000e+00   0.0000000e+00
   0.0000000e+00   6.6000000e+01   0.0000000e+00   1.9000000e+02   1.2678240e+02   1.0000000e+00   1.3000000e+02   5.2000000e+00   3.0000000e+00   1.0000000e+00
   1.0000000e+00   7.4000000e+01   0.0000000e+00   1.4200000e+02   5.3238890e+01   1.0000000e+00   5.6000000e+01   1.6000000e+00   1.0000000e+00   1.0000000e+00
   1.0000000e+00   7.7000000e+01   0.0000000e+00   1.3900000e+02   7.6582454e+01   1.0000000e+00   8.1000000e+01   1.3000000e+00   1.0000000e+00   1.0000000e+00
   1.0000000e+00   8.2000000e+01   0.0000000e+00   1.7000000e+02   7.8761366e+01   1.0000000e+00   8.1000000e+01   1.8000000e+00   1.0000000e+00   1.0000000e+00
   0.0000000e+00   5.4000000e+01   0.0000000e+00   1.1400000e+02   6.2494326e+01   0.0000000e+00   6.1000000e+01   1.9000000e+00   1.0000000e+00   0.0000000e+00
   1.0000000e+00   7.9000000e+01   0.0000000e+00   1.6800000e+02   9.6620243e+01   0.0000000e+00   1.0000000e+02   1.7000000e+00   3.0000000e+00   1.0000000e+00
   0.0000000e+00   7.3000000e+01   0.0000000e+00   2.0000000e+02   7.5834521e+01   1.0000000e+00   7.8000000e+01   8.0000000e-01   2.0000000e+00   1.0000000e+00
   1.0000000e+00   7.0000000e+01   0.0000000e+00   1.5100000e+02   1.0472892e+02   1.0000000e+00   1.0800000e+02   1.5000000e+00   3.0000000e+00   1.0000000e+00
   1.0000000e+00   6.8000000e+01   0.0000000e+00   1.2900000e+02   1.0536199e+02   0.0000000e+00   1.0400000e+02   1.3000000e+00   1.0000000e+00   0.0000000e+00
   1.0000000e+00   5.8000000e+01   0.0000000e+00   1.1200000e+02   1.0485503e+02   1.0000000e+00   1.0900000e+02   1.7000000e+00   3.0000000e+00   1.0000000e+00
   0.0000000e+00   7.9000000e+01   0.0000000e+00   1.4800000e+02   5.3309506e+01   1.0000000e+00   5.5000000e+01   1.0000000e+00   1.0000000e+00   1.0000000e+00
   0.0000000e+00   7.3000000e+01   0.0000000e+00   1.3500000e+02   8.3324093e+01   0.0000000e+00   8.1000000e+01   1.0000000e+00   1.0000000e+00   0.0000000e+00
   1.0000000e+00   4.2000000e+01   1.0000000e+00   1.4600000e+02   8.0764714e+01   0.0000000e+00   7.8000000e+01   1.1000000e+00   1.0000000e+00   0.0000000e+00
   1.0000000e+00   5.4000000e+01   1.0000000e+00   1.3600000e+02   9.1737685e+01   0.0000000e+00   9.0000000e+01   1.2000000e+00   3.0000000e+00   0.0000000e+00
   1.0000000e+00   7.0000000e+01   0.0000000e+00   1.3600000e+02   7.1903737e+01   1.0000000e+00   7.6000000e+01   1.3000000e+00   2.0000000e+00   1.0000000e+00
   1.0000000e+00   6.0000000e+01   0.0000000e+00   1.2000000e+02   6.7708375e+01   0.0000000e+00   6.5000000e+01   1.4000000e+00   1.0000000e+00   0.0000000e+00
   1.0000000e+00   7.4000000e+01   0.0000000e+00   9.9000000e+01   6.1832398e+01   0.0000000e+00   6.6000000e+01   1.3000000e+00   1.0000000e+00   1.0000000e+00
   1.0000000e+00   6.0000000e+01   0.0000000e+00   9.0000000e+01   8.0055687e+01   0.0000000e+00   8.2000000e+01   9.9000000e+00   1.0000000e+00   1.0000000e+00
   1.0000000e+00   8.0000000e+01   0.0000000e+00   1.8200000e+02   1.1001946e+02   1.0000000e+00   1.1400000e+02   3.2000000e+00   1.0000000e+00   1.0000000e+00
   0.0000000e+00   8.5000000e+01   0.0000000e+00   1.3500000e+02   9.7061346e+01   1.0000000e+00   1.0000000e+02   8.0000000e-01   3.0000000e+00   1.0000000e+00
   1.0000000e+00   5.3000000e+01   0.0000000e+00   1.1300000e+02   1.0566593e+02   0.0000000e+00   1.0400000e+02   1.2000000e+00   1.0000000e+00   0.0000000e+00
   1.0000000e+00   7.9000000e+01   1.0000000e+00   1.4100000e+02   1.2540806e+02   1.0000000e+00   1.2700000e+02   1.9000000e+00   3.0000000e+00   1.0000000e+00
   0.0000000e+00   7.1000000e+01   1.0000000e+00   1.1600000e+02   1.3444759e+02   1.0000000e+00   1.3800000e+02   8.0000000e-01   2.0000000e+00   1.0000000e+00
   1.0000000e+00   8.0000000e+01   0.0000000e+00   1.6000000e+02   1.0807986e+02   1.0000000e+00   1.1100000e+02   1.6000000e+00   1.0000000e+00   1.0000000e+00
   1.0000000e+00   6.3000000e+01   0.0000000e+00   2.2100000e+02   1.0800571e+02   1.0000000e+00   1.0600000e+02   5.7000000e+00   1.0000000e+00   0.0000000e+00
   1.0000000e+00   7.0000000e+01   0.0000000e+00   1.5000000e+02   7.3668964e+01   1.0000000e+00   7.8000000e+01   4.7000000e+00   1.0000000e+00   1.0000000e+00
   1.0000000e+00   8.2000000e+01   1.0000000e+00   1.4100000e+02   5.5244616e+01   0.0000000e+00   5.7000000e+01   1.5000000e+00   3.0000000e+00   1.0000000e+00
   1.0000000e+00   8.8000000e+01   0.0000000e+00   1.8000000e+02   9.5046803e+01   1.0000000e+00   9.9000000e+01   1.7000000e+00   1.0000000e+00   1.0000000e+00
   0.0000000e+00   8.5000000e+01   0.0000000e+00   1.3000000e+02   9.1991883e+01   0.0000000e+00   9.6000000e+01   9.0000000e-01   2.0000000e+00   1.0000000e+00
   1.0000000e+00   7.7000000e+01   1.0000000e+00   1.6000000e+02   6.2190787e+01   1.0000000e+00   6.5000000e+01   2.1000000e+00   1.0000000e+00   1.0000000e+00
   1.0000000e+00   6.6000000e+01   0.0000000e+00   8.5000000e+01   5.6627121e+01   1.0000000e+00   6.0000000e+01   3.7000000e+00   1.0000000e+00   1.0000000e+00
   0.0000000e+00   6.3000000e+01   0.0000000e+00   1.3500000e+02   6.3534256e+01   0.0000000e+00   6.2000000e+01   1.5000000e+00   1.0000000e+00   0.0000000e+00
   1.0000000e+00   8.0000000e+01   0.0000000e+00   1.5300000e+02   6.2931502e+01   1.0000000e+00   6.6000000e+01   1.3000000e+00   1.0000000e+00   1.0000000e+00
   0.0000000e+00   8.4000000e+01   0.0000000e+00   1.3300000e+02   7.5815858e+01   1.0000000e+00   8.0000000e+01   2.2000000e+00   1.0000000e+00   1.0000000e+00
   1.0000000e+00   6.8000000e+01   0.0000000e+00   1.2200000e+02   1.0384040e+02   1.0000000e+00   1.0700000e+02   2.0000000e+00   3.0000000e+00   1.0000000e+00
   1.0000000e+00   9.1000000e+01   0.0000000e+00   1.0200000e+02   1.0096248e+02   1.0000000e+00   1.0400000e+02   1.7000000e+00   2.0000000e+00   1.0000000e+00
   0.0000000e+00   6.9000000e+01   0.0000000e+00   1.7100000e+02   1.1819095e+02   0.0000000e+00   1.1700000e+02   1.3000000e+00   1.0000000e+00   0.0000000e+00
   1.0000000e+00   7.6000000e+01   0.0000000e+00   1.2900000e+02   7.7914538e+01   1.0000000e+00   8.2000000e+01   1.2000000e+00   1.0000000e+00   1.0000000e+00
   1.0000000e+00   6.9000000e+01   0.0000000e+00   9.5000000e+01   9.9801711e+01   0.0000000e+00   1.0300000e+02   1.6000000e+00   3.0000000e+00   1.0000000e+00
   1.0000000e+00   5.1000000e+01   1.0000000e+00   1.4000000e+02   8.7339759e+01   1.0000000e+00   9.0000000e+01   1.0000000e+00   3.0000000e+00   1.0000000e+00
   0.0000000e+00   5.7000000e+01   0.0000000e+00   1.2000000e+02   1.1313891e+02   0.0000000e+00   1.1700000e+02   1.0000000e+00   3.0000000e+00   1.0000000e+00
   1.0000000e+00   8.7000000e+01   0.0000000e+00   1.4900000e+02   5.0035793e+01   1.0000000e+00   5.3000000e+01   1.4000000e+00   1.0000000e+00   1.0000000e+00
   1.0000000e+00   7.2000000e+01   0.0000000e+00   1.7300000e+02   6.8337300e+01   1.0000000e+00   6.5000000e+01   1.2000000e+00   1.0000000e+00   0.0000000e+00
